city,district,street,house_id,build,b_score,h_score,area,price,other
1,1667,1667,1667,1667,1667,1667,1667,1667,1667
2,827,827,827,827,827,827,827,827,827
3,552,552,552,552,552,552,552,552,552
4,423,423,423,423,423,423,423,423,423
5,385,385,385,385,385,385,385,385,385
6,282,282,282,282,282,282,282,282,282
7,244,244,244,244,244,244,244,244,244
8,208,208,208,208,208,208,208,208,208
9,159,159,159,159,159,159,159,159,159
10,128,128,128,128,128,128,128,128,128
11,139,139,139,139,139,139,139,139,139
12,112,112,112,112,112,112,112,112,112
13,119,119,119,119,119,119,119,119,119
14,95,95,95,95,95,95,95,95,95
15,85,85,85,85,85,85,85,85,85
16,76,76,76,76,76,76,76,76,76
17,68,68,68,68,68,68,68,68,68
18,71,71,71,71,71,71,71,71,71
19,51,51,51,51,51,51,51,51,51
20,48,48,48,48,48,48,48,48,48
21,58,58,58,58,58,58,58,58,58
22,49,49,49,49,49,49,49,49,49
23,48,48,48,48,48,48,48,48,48
24,35,35,35,35,35,35,35,35,35
25,28,28,28,28,28,28,28,28,28
26,43,43,43,43,43,43,43,43,43
27,33,33,33,33,33,33,33,33,33
28,30,30,30,30,30,30,30,30,30
29,34,34,34,34,34,34,34,34,34
30,26,26,26,26,26,26,26,26,26
31,28,28,28,28,28,28,28,28,28
32,25,25,25,25,25,25,25,25,25
33,30,30,30,30,30,30,30,30,30
34,22,22,22,22,22,22,22,22,22
35,16,16,16,16,16,16,16,16,16
36,9,9,9,9,9,9,9,9,9
37,12,12,12,12,12,12,12,12,12
38,18,18,18,18,18,18,18,18,18
39,12,12,12,12,12,12,12,12,12
40,16,16,16,16,16,16,16,16,16
41,20,20,20,20,20,20,20,20,20
42,11,11,11,11,11,11,11,11,11
43,22,22,22,22,22,22,22,22,22
44,15,15,15,15,15,15,15,15,15
45,12,12,12,12,12,12,12,12,12
46,5,5,5,5,5,5,5,5,5
47,19,19,19,19,19,19,19,19,19
48,14,14,14,14,14,14,14,14,14
49,12,12,12,12,12,12,12,12,12
50,9,9,9,9,9,9,9,9,9
51,5,5,5,5,5,5,5,5,5
52,12,12,12,12,12,12,12,12,12
53,6,6,6,6,6,6,6,6,6
54,5,5,5,5,5,5,5,5,5
55,9,9,9,9,9,9,9,9,9
56,9,9,9,9,9,9,9,9,9
57,8,8,8,8,8,8,8,8,8
58,6,6,6,6,6,6,6,6,6
59,5,5,5,5,5,5,5,5,5
60,6,6,6,6,6,6,6,6,6
61,6,6,6,6,6,6,6,6,6
62,7,7,7,7,7,7,7,7,7
63,9,9,9,9,9,9,9,9,9
64,7,7,7,7,7,7,7,7,7
65,6,6,6,6,6,6,6,6,6
66,8,8,8,8,8,8,8,8,8
67,6,6,6,6,6,6,6,6,6
68,5,5,5,5,5,5,5,5,5
69,4,4,4,4,4,4,4,4,4
70,2,2,2,2,2,2,2,2,2
71,5,5,5,5,5,5,5,5,5
72,5,5,5,5,5,5,5,5,5
73,4,4,4,4,4,4,4,4,4
74,5,5,5,5,5,5,5,5,5
75,5,5,5,5,5,5,5,5,5
76,9,9,9,9,9,9,9,9,9
77,3,3,3,3,3,3,3,3,3
78,2,2,2,2,2,2,2,2,2
79,3,3,3,3,3,3,3,3,3
80,2,2,2,2,2,2,2,2,2
81,5,5,5,5,5,5,5,5,5
82,1,1,1,1,1,1,1,1,1
83,6,6,6,6,6,6,6,6,6
84,5,5,5,5,5,5,5,5,5
85,8,8,8,8,8,8,8,8,8
86,2,2,2,2,2,2,2,2,2
87,4,4,4,4,4,4,4,4,4
88,2,2,2,2,2,2,2,2,2
89,4,4,4,4,4,4,4,4,4
90,3,3,3,3,3,3,3,3,3
91,2,2,2,2,2,2,2,2,2
92,1,1,1,1,1,1,1,1,1
93,3,3,3,3,3,3,3,3,3
94,1,1,1,1,1,1,1,1,1
95,3,3,3,3,3,3,3,3,3
96,1,1,1,1,1,1,1,1,1
97,1,1,1,1,1,1,1,1,1
98,1,1,1,1,1,1,1,1,1
99,2,2,2,2,2,2,2,2,2
100,2,2,2,2,2,2,2,2,2
101,3,3,3,3,3,3,3,3,3
102,1,1,1,1,1,1,1,1,1
103,2,2,2,2,2,2,2,2,2
104,4,4,4,4,4,4,4,4,4
105,1,1,1,1,1,1,1,1,1
106,1,1,1,1,1,1,1,1,1
107,3,3,3,3,3,3,3,3,3
108,1,1,1,1,1,1,1,1,1
109,1,1,1,1,1,1,1,1,1
110,1,1,1,1,1,1,1,1,1
111,1,1,1,1,1,1,1,1,1
113,2,2,2,2,2,2,2,2,2
114,2,2,2,2,2,2,2,2,2
115,2,2,2,2,2,2,2,2,2
116,2,2,2,2,2,2,2,2,2
117,1,1,1,1,1,1,1,1,1
118,1,1,1,1,1,1,1,1,1
119,3,3,3,3,3,3,3,3,3
122,1,1,1,1,1,1,1,1,1
123,2,2,2,2,2,2,2,2,2
124,2,2,2,2,2,2,2,2,2
125,2,2,2,2,2,2,2,2,2
126,2,2,2,2,2,2,2,2,2
128,1,1,1,1,1,1,1,1,1
129,1,1,1,1,1,1,1,1,1
130,2,2,2,2,2,2,2,2,2
131,1,1,1,1,1,1,1,1,1
132,2,2,2,2,2,2,2,2,2
134,3,3,3,3,3,3,3,3,3
135,1,1,1,1,1,1,1,1,1
136,2,2,2,2,2,2,2,2,2
137,5,5,5,5,5,5,5,5,5
138,1,1,1,1,1,1,1,1,1
139,1,1,1,1,1,1,1,1,1
140,2,2,2,2,2,2,2,2,2
141,1,1,1,1,1,1,1,1,1
143,1,1,1,1,1,1,1,1,1
144,2,2,2,2,2,2,2,2,2
147,1,1,1,1,1,1,1,1,1
150,2,2,2,2,2,2,2,2,2
152,2,2,2,2,2,2,2,2,2
153,1,1,1,1,1,1,1,1,1
156,1,1,1,1,1,1,1,1,1
158,1,1,1,1,1,1,1,1,1
159,3,3,3,3,3,3,3,3,3
160,1,1,1,1,1,1,1,1,1
161,1,1,1,1,1,1,1,1,1
162,2,2,2,2,2,2,2,2,2
163,1,1,1,1,1,1,1,1,1
166,2,2,2,2,2,2,2,2,2
169,1,1,1,1,1,1,1,1,1
170,2,2,2,2,2,2,2,2,2
171,1,1,1,1,1,1,1,1,1
172,1,1,1,1,1,1,1,1,1
173,2,2,2,2,2,2,2,2,2
174,2,2,2,2,2,2,2,2,2
175,1,1,1,1,1,1,1,1,1
176,1,1,1,1,1,1,1,1,1
179,1,1,1,1,1,1,1,1,1
180,2,2,2,2,2,2,2,2,2
183,1,1,1,1,1,1,1,1,1
185,1,1,1,1,1,1,1,1,1
190,1,1,1,1,1,1,1,1,1
200,1,1,1,1,1,1,1,1,1
205,1,1,1,1,1,1,1,1,1
206,1,1,1,1,1,1,1,1,1
218,1,1,1,1,1,1,1,1,1
220,1,1,1,1,1,1,1,1,1
221,2,2,2,2,2,2,2,2,2
226,1,1,1,1,1,1,1,1,1
228,1,1,1,1,1,1,1,1,1
231,1,1,1,1,1,1,1,1,1
233,1,1,1,1,1,1,1,1,1
238,1,1,1,1,1,1,1,1,1
241,1,1,1,1,1,1,1,1,1
242,1,1,1,1,1,1,1,1,1
247,1,1,1,1,1,1,1,1,1
251,1,1,1,1,1,1,1,1,1
256,1,1,1,1,1,1,1,1,1
257,1,1,1,1,1,1,1,1,1
258,2,2,2,2,2,2,2,2,2
261,1,1,1,1,1,1,1,1,1
264,1,1,1,1,1,1,1,1,1
266,1,1,1,1,1,1,1,1,1
269,1,1,1,1,1,1,1,1,1
276,2,2,2,2,2,2,2,2,2
283,1,1,1,1,1,1,1,1,1
285,1,1,1,1,1,1,1,1,1
293,1,1,1,1,1,1,1,1,1
305,1,1,1,1,1,1,1,1,1
307,2,2,2,2,2,2,2,2,2
318,1,1,1,1,1,1,1,1,1
326,1,1,1,1,1,1,1,1,1
327,1,1,1,1,1,1,1,1,1
333,1,1,1,1,1,1,1,1,1
365,1,1,1,1,1,1,1,1,1
387,1,1,1,1,1,1,1,1,1
414,1,1,1,1,1,1,1,1,1
461,1,1,1,1,1,1,1,1,1
528,1,1,1,1,1,1,1,1,1
