fang8/_2013-12-04_2_1_0_0_4	3	12	4.0
fang8/_2013-12-04_2_1_0_0_2	1	4	4.0
fang8/_2013-12-04_2_1_0_0_3	2	36	18.0
fang8/_2013-12-04_2_1_0_0_1	1	2	2.0
fang8/_2013-12-06_2_1_0_0_1	3	18	6.0
fang8/_2013-12-06_2_1_0_0_2	2	10	5.0
fang8/_2013-12-06_2_1_0_0_4	3	177	59.0
fang10/_2013-12-06_2_1_0_0_4	1	12	12.0
fang10/_2013-12-06_2_1_0_0_1	2	6	3.0
fang10/_2013-12-06_2_1_0_0_2	2	7	3.5
fang10/_2013-12-06_2_1_0_0_3	1	2	2.0
fang2/_2013-12-02_2_1_1_0_1	1	77	77.0
fang8/_2013-12-06_1_4_0_1_0	2	6	3.0
fang1/_2013-12-02_2_1_1_0_4	137	678	4.94890510949
fang1/_2013-12-01_3_1_0_1_0	257	1143	4.44747081712
fang1/_2013-12-02_2_1_1_0_1	125	886	7.088
fang1/_2013-12-02_2_1_1_0_2	127	664	5.22834645669
fang1/_2013-12-02_2_1_1_0_3	131	778	5.93893129771
fang7/_2013-12-07_1_4_0_0_0	1	2	2.0
fang12/_2013-12-06_1_3_0_0_0	19	143	7.52631578947
fang8/_2013-12-04_1_4_0_0_0	5	53	10.6
fang4/_2013-12-04_1_2_0_0_0	1	2	2.0
fang1/_2013-12-02_1_2_0_0_0	227	1813	7.98678414097
fang6/_2013-12-02_1_2_0_0_0	2	178	89.0
fang12/_2013-12-05_1_1_0_0_0	24	81	3.375
fang12/_2013-12-02_1_4_0_1_0	18	110	6.11111111111
fang12/_2013-12-07_2_1_1_0_4	13	158	12.1538461538
fang5/_2013-12-07_1_1_0_0_0	279	1120	4.01433691756
fang12/_2013-12-07_2_1_1_0_2	13	74	5.69230769231
fang12/_2013-12-07_2_1_1_0_3	11	78	7.09090909091
fang12/_2013-12-07_2_1_1_0_1	14	91	6.5
fang12/_2013-12-01_2_1_1_1_2	1	4	4.0
/archive/fang/fang6/detail	198	1879	9.4898989899
fang10/_2013-12-06_3_1_0_1_0	5	23	4.6
fang8/_2013-12-07_3_1_0_0_0	1	2	2.0
fang6/_2013-12-04_2_1_0_1_1	2	19	9.5
fang2/_2013-12-06_1_2_0_0_0	1	2	2.0
fang6/_2013-12-07_1_4_0_0_0	2	41	20.5
fang11/_2013-12-05_2_1_0_1_1	1	2	2.0
fang3/_2013-12-05_2_1_0_1_4	10	31	3.1
fang3/_2013-12-05_2_1_0_1_1	10	17	1.7
fang3/_2013-12-05_2_1_0_1_3	13	75	5.76923076923
fang3/_2013-12-05_2_1_0_1_2	7	10	1.42857142857
fang1/_2013-12-02_3_1_0_0_0	530	2395	4.51886792453
/fang/tool/calculator	18	98	5.44444444444
fang4/_2013-12-02_3_1_0_1_0	1	34	34.0
fang6/_2013-12-03_2_1_1_1_3	1	4	4.0
fang1/_2013-12-06_1_2_0_0_0	202	1004	4.9702970297
fang2/_2013-12-02_1_4_0_0_0	1	4	4.0
fang8/_2013-12-06_2_1_0_1_3	2	4	2.0
fang8/_2013-12-06_2_1_0_1_4	2	13	6.5
fang5/_2013-12-03_1_3_0_1_0	373	1650	4.4235924933
2013-12-07_1_2_0_0_0	491	3053	6.21792260692
fang12/_2013-12-06_2_1_1_1_1	2	31	15.5
fang12/_2013-12-07_1_1_0_1_0	14	123	8.78571428571
fang1/_2013-12-01_1_2_0_0_0	167	1118	6.69461077844
fang6/_2013-12-05_1_4_0_1_0	4	9	2.25
fang1/_2013-12-04_2_1_0_0_2	234	1573	6.72222222222
fang7/_2013-12-07_1_4_0_1_0	3	97	32.3333333333
fang11/_2013-12-07_1_2_0_1_0	1	4	4.0
fang7/_2013-12-03_1_1_0_1_0	4	13	3.25
fang8/_2013-12-05_1_2_0_0_0	3	16	5.33333333333
fang6/_2013-12-07_1_2_0_1_0	3	11	3.66666666667
fang5/_2013-12-06_1_3_0_1_0	319	1498	4.69592476489
fang10/_2013-12-02_2_1_0_0_2	1	12	12.0
fang2/_2013-12-06_3_1_0_0_0	1	9	9.0
fang10/_2013-12-02_2_1_0_0_4	3	7	2.33333333333
fang6/_2013-12-01_1_3_0_0_0	3	21	7.0
fang10/_2013-12-06_1_2_0_1_0	1	3	3.0
fang6/_2013-12-01_1_4_0_1_0	2	6	3.0
fang11/_2013-12-07_2_1_1_0_3	1	7	7.0
fang7/_2013-12-04_1_1_0_0_0	2	9	4.5
fang4/_2013-12-05_1_1_0_0_0	1	3	3.0
fang10/_2013-12-06_1_4_0_1_0	1	2	2.0
fang3/_2013-12-04_3_1_0_1_0	30	382	12.7333333333
fang7/_2013-12-06_2_1_1_0_4	2	4	2.0
fang12/_2013-12-02_2_1_0_1_3	13	50	3.84615384615
fang12/_2013-12-02_2_1_0_1_2	12	88	7.33333333333
fang12/_2013-12-02_2_1_0_1_1	9	41	4.55555555556
2013-12-04_1_3_0_1_0	619	3982	6.43295638126
fang12/_2013-12-02_2_1_0_1_4	8	26	3.25
2013-12-03_2_1_0_1_3	387	2461	6.35917312661
2013-12-03_2_1_0_1_2	362	2281	6.30110497238
2013-12-03_2_1_0_1_1	378	1733	4.58465608466
2013-12-03_2_1_0_1_4	351	2246	6.39886039886
fang4/_2013-12-05_3_1_0_1_0	1	175	175.0
fang1/_2013-12-04_1_3_0_1_0	190	1253	6.59473684211
fang5/_2013-12-03_3_1_0_0_0	1008	3870	3.83928571429
fang4/_2013-12-01_1_4_0_0_0	1	3	3.0
fang5/_2013-12-07_1_2_0_0_0	234	1165	4.97863247863
fang5/_2013-12-04_1_4_0_0_0	356	1680	4.7191011236
fang11/_2013-12-07_1_3_0_1_0	2	14	7.0
fang1/_2013-12-07_1_1_0_1_0	190	1499	7.88947368421
2013-12-07_2_1_1_0_4	305	2194	7.19344262295
2013-12-07_2_1_1_0_3	248	1929	7.77822580645
2013-12-07_2_1_1_0_2	265	1623	6.12452830189
2013-12-07_2_1_1_0_1	308	2460	7.98701298701
fang5/_2013-12-06_3_1_0_1_0	719	3489	4.85257301808
fang8/_2013-12-01_1_2_0_1_0	2	4	2.0
fang12/_2013-12-06_2_1_0_1_4	13	53	4.07692307692
fang12/_2013-12-06_2_1_0_1_3	10	44	4.4
fang12/_2013-12-06_2_1_0_1_2	15	128	8.53333333333
fang12/_2013-12-06_2_1_0_1_1	7	21	3.0
fang12/_2013-12-05_2_1_1_0_1	12	82	6.83333333333
fang12/_2013-12-05_2_1_1_0_2	4	31	7.75
fang12/_2013-12-05_2_1_1_0_3	11	67	6.09090909091
fang11/_2013-12-01_1_1_0_1_0	3	65	21.6666666667
fang8/_2013-12-05_1_1_0_1_0	3	41	13.6666666667
fang3/_2013-12-07_1_1_0_1_0	26	306	11.7692307692
fang4/_2013-12-01_2_1_0_0_3	1	2	2.0
fang12/_2013-12-01_1_3_0_1_0	10	67	6.7
fang8/_2013-12-03_3_1_0_0_0	10	88	8.8
fang6/_2013-12-01_1_3_0_1_0	1	9	9.0
2013-12-07_1_3_0_0_0	534	3488	6.53183520599
2013-12-07_1_4_0_1_0	479	3972	8.29227557411
fang3/_2013-12-02_1_3_0_0_0	48	400	8.33333333333
fang3/_2013-12-01_2_1_1_1_3	1	3	3.0
fang3/_2013-12-06_1_4_0_0_0	33	371	11.2424242424
fang1/_2013-12-01_2_1_1_0_3	105	852	8.11428571429
fang1/_2013-12-01_2_1_1_0_2	104	700	6.73076923077
fang1/_2013-12-01_2_1_1_0_1	96	786	8.1875
fang12/_2013-12-04_1_4_0_0_0	15	86	5.73333333333
fang1/_2013-12-01_2_1_1_0_4	96	515	5.36458333333
fang5/_2013-12-05_1_4_0_0_0	313	1265	4.04153354633
fang6/_2013-12-02_1_3_0_1_0	1	11	11.0
fang3/_2013-12-02_2_1_1_1_3	1	10	10.0
fang3/_2013-12-05_1_3_0_0_0	38	456	12.0
2013-12-06_2_1_1_1_4	15	204	13.6
fang2/_2013-12-01_2_1_1_0_4	1	4	4.0
2013-12-06_2_1_1_1_2	28	305	10.8928571429
2013-12-06_2_1_1_1_1	21	196	9.33333333333
fang1/_2013-12-05_1_3_0_1_0	218	1025	4.70183486239
fang12/_2013-12-06_1_2_0_1_0	16	111	6.9375
fang11/_2013-12-02_3_1_0_0_0	3	8	2.66666666667
fang11/_2013-12-04_2_1_0_1_3	1	4	4.0
fang6/_2013-12-03_1_2_0_1_0	2	4	2.0
fang5/_2013-12-04_2_1_0_0_3	215	1052	4.89302325581
fang3/_2013-12-01_1_1_0_0_0	46	312	6.78260869565
fang5/_2013-12-04_2_1_0_0_1	223	982	4.40358744395
fang12/_2013-12-02_1_1_0_0_0	19	88	4.63157894737
2013-12-02_1_1_0_1_0	758	4612	6.08443271768
fang3/_2013-12-07_3_1_0_0_0	67	559	8.34328358209
fang5/_2013-12-01_3_1_0_1_0	589	2978	5.05602716469
2013-12-03_2_1_1_0_3	380	2446	6.43684210526
2013-12-03_2_1_1_0_2	341	2081	6.10263929619
2013-12-03_2_1_1_0_1	355	1820	5.12676056338
2013-12-03_2_1_1_0_4	387	2239	5.78552971576
fang6/_2013-12-01_1_2_0_1_0	2	33	16.5
fang4/_2013-12-03_2_1_0_1_1	1	6	6.0
fang4/_2013-12-03_2_1_0_1_2	2	77	38.5
fang4/_2013-12-03_2_1_0_1_4	1	3	3.0
fang2/_2013-12-03_1_1_0_1_0	1	2	2.0
2013-12-07_2_1_0_0_1	371	2365	6.37466307278
fang2/_2013-12-01_2_1_0_1_3	1	14	14.0
fang8/_2013-12-03_1_2_0_0_0	2	5	2.5
fang12/_2013-12-01_1_2_0_0_0	20	175	8.75
fang8/_2013-12-02_3_1_0_1_0	5	17	3.4
fang11/_2013-12-02_2_1_1_1_1	1	4	4.0
fang6/_2013-12-07_3_1_0_0_0	9	34	3.77777777778
fang7/_2013-12-02_2_1_1_0_3	2	4	2.0
fang10/_2013-12-02_1_2_0_0_0	2	13	6.5
fang7/_2013-12-06_3_1_0_0_0	6	56	9.33333333333
fang2/_2013-12-04_1_1_0_0_0	1	5	5.0
/archive/fang/fang9/detail	3	26	8.66666666667
fang6/_2013-12-01_2_1_0_0_4	3	35	11.6666666667
fang6/_2013-12-01_2_1_0_0_1	5	25	5.0
fang6/_2013-12-01_2_1_0_0_3	3	111	37.0
fang6/_2013-12-01_2_1_0_0_2	3	28	9.33333333333
fang3/_2013-12-05_3_1_0_0_0	73	443	6.06849315068
2013-12-03_1_3_0_1_0	672	3935	5.8556547619
fang7/_2013-12-07_1_2_0_0_0	1	24	24.0
fang5/_2013-12-02_1_4_0_1_0	399	1795	4.49874686717
fang3/_2013-12-06_1_3_0_1_0	18	131	7.27777777778
fang12/_2013-12-03_3_1_0_0_0	57	262	4.59649122807
fang7/_2013-12-07_2_1_1_0_4	1	3	3.0
fang7/_2013-12-07_2_1_1_0_1	1	2	2.0
fang7/_2013-12-01_3_1_0_0_0	4	37	9.25
fang11/_2013-12-04_1_2_0_1_0	1	2	2.0
fang6/_2013-12-02_2_1_0_1_3	6	266	44.3333333333
fang6/_2013-12-02_2_1_0_1_2	5	35	7.0
fang6/_2013-12-02_1_4_0_1_0	2	5	2.5
fang6/_2013-12-02_2_1_0_1_4	2	80	40.0
fang5/_2013-12-05_1_3_0_0_0	303	1762	5.81518151815
fang7/_2013-12-03_2_1_0_0_2	5	51	10.2
fang7/_2013-12-03_2_1_0_0_1	1	3	3.0
fang7/_2013-12-03_2_1_0_0_4	2	6	3.0
fang1/_2013-12-01_1_1_0_0_0	192	1232	6.41666666667
fang10/_2013-12-07_3_1_0_1_0	2	26	13.0
fang10/_2013-12-04_1_2_0_1_0	1	4	4.0
2013-12-01_1_3_0_1_0	434	2903	6.68894009217
fang3/_2013-12-03_3_1_0_0_0	83	353	4.25301204819
2013-12-02_1_2_0_1_0	702	5504	7.84045584046
fang1/_2013-12-06_2_1_0_1_1	68	348	5.11764705882
/fang/fang5/zt	14	184	13.1428571429
fang1/_2013-12-06_2_1_0_1_3	72	303	4.20833333333
fang1/_2013-12-06_2_1_0_1_4	60	299	4.98333333333
fang3/_2013-12-01_1_2_0_1_0	13	69	5.30769230769
fang5/_2013-12-01_1_4_0_1_0	267	1440	5.39325842697
fang3/_2013-12-05_1_4_0_1_0	17	76	4.47058823529
/fang/jingjiren/fang12_list	5	21	4.2
fang7/_2013-12-07_2_1_0_1_2	1	5	5.0
fang7/_2013-12-07_2_1_0_1_1	1	16	16.0
fang12/_2013-12-07_1_4_0_0_0	14	57	4.07142857143
fang8/_2013-12-06_1_1_0_1_0	2	22	11.0
fang6/_2013-12-03_3_1_0_1_0	8	58	7.25
fang10/_2013-12-07_1_2_0_0_0	2	11	5.5
/fang/fang6/list	547	12980	23.7294332724
fang12/_2013-12-02_1_3_0_0_0	17	73	4.29411764706
fang6/_2013-12-03_1_1_0_0_0	4	30	7.5
fang3/_2013-12-05_2_1_1_0_4	11	44	4.0
fang3/_2013-12-05_2_1_1_0_1	4	60	15.0
fang8/_2013-12-04_1_1_0_0_0	4	42	10.5
fang3/_2013-12-05_2_1_1_0_3	12	56	4.66666666667
fang3/_2013-12-05_2_1_1_0_2	8	39	4.875
2013-12-07_2_1_0_1_4	290	1635	5.63793103448
2013-12-07_2_1_0_1_3	269	1877	6.97769516729
2013-12-07_2_1_0_1_2	286	1946	6.8041958042
fang1/_2013-12-06_1_4_0_1_0	169	1059	6.26627218935
fang5/_2013-12-05_3_1_0_1_0	738	3329	4.5108401084
fang1/_2013-12-01_2_1_0_1_3	56	347	6.19642857143
fang1/_2013-12-01_2_1_0_1_2	57	292	5.12280701754
fang1/_2013-12-01_2_1_0_1_1	64	999	15.609375
fang5/_2013-12-07_1_4_0_1_0	255	1541	6.0431372549
fang1/_2013-12-01_2_1_0_1_4	62	533	8.59677419355
fang3/_2013-12-01_1_3_0_1_0	16	157	9.8125
fang3/_2013-12-03_2_1_1_1_4	1	28	28.0
fang5/_2013-12-01_2_1_0_1_4	146	645	4.41780821918
fang5/_2013-12-01_2_1_0_1_3	177	995	5.62146892655
fang5/_2013-12-01_2_1_0_1_2	164	979	5.96951219512
fang5/_2013-12-01_2_1_0_1_1	173	1042	6.02312138728
fang12/_2013-12-05_1_2_0_1_0	10	64	6.4
/fang/fang1/zt	94	1659	17.6489361702
fang8/_2013-12-01_2_1_0_0_3	5	77	15.4
fang8/_2013-12-01_2_1_0_0_2	1	3	3.0
fang8/_2013-12-01_2_1_0_0_1	2	18	9.0
fang10/_2013-12-01_2_1_0_0_4	1	2	2.0
fang7/_2013-12-05_1_3_0_1_0	1	2	2.0
fang10/_2013-12-01_2_1_0_0_2	2	15	7.5
fang10/_2013-12-01_2_1_0_0_1	4	149	37.25
fang7/_2013-12-02_3_1_0_0_0	6	18	3.0
fang10/_2013-12-05_2_1_0_1_1	1	4	4.0
fang2/_2013-12-07_2_1_1_0_4	1	3	3.0
/fang/fang10/search	2	72	36.0
fang4/_2013-12-07_2_1_1_0_4	1	2	2.0
fang4/_2013-12-07_2_1_1_0_1	1	2	2.0
/site/fang/search	1182	20816	17.6108291032
fang11/_2013-12-04_1_2_0_0_0	3	36	12.0
fang5/_2013-12-02_2_1_0_1_1	242	1319	5.45041322314
fang5/_2013-12-02_2_1_0_1_2	204	1203	5.89705882353
fang5/_2013-12-02_2_1_0_1_3	221	1270	5.74660633484
fang5/_2013-12-02_2_1_0_1_4	209	1329	6.35885167464
fang2/_2013-12-04_3_1_0_0_0	1	2	2.0
2013-12-02_2_1_1_1_3	26	296	11.3846153846
2013-12-02_2_1_1_1_2	15	155	10.3333333333
2013-12-02_2_1_1_1_1	28	254	9.07142857143
fang5/_2013-12-07_2_1_1_1_1	9	91	10.1111111111
fang5/_2013-12-07_2_1_1_1_2	6	147	24.5
2013-12-02_2_1_1_1_4	22	198	9.0
fang12/_2013-12-07_2_1_0_1_4	5	85	17.0
fang11/_2013-12-04_1_4_0_1_0	1	2	2.0
fang12/_2013-12-05_1_3_0_1_0	11	44	4.0
fang6/_2013-12-06_2_1_0_1_1	2	30	15.0
fang5/_2013-12-07_2_1_1_0_4	144	639	4.4375
2013-12-01_2_1_1_0_4	281	1762	6.27046263345
fang1/_2013-12-02_2_1_0_1_4	89	572	6.42696629213
fang12/_2013-12-05_2_1_0_1_1	13	74	5.69230769231
fang12/_2013-12-05_2_1_0_1_2	14	48	3.42857142857
fang1/_2013-12-06_1_1_0_1_0	179	1063	5.93854748603
fang12/_2013-12-05_2_1_0_1_4	15	110	7.33333333333
fang1/_2013-12-02_2_1_0_1_1	74	347	4.68918918919
fang1/_2013-12-02_2_1_0_1_2	69	525	7.60869565217
fang1/_2013-12-02_2_1_0_1_3	74	684	9.24324324324
/fang/jingjiren/ziwojieshao	9	90	10.0
fang11/_2013-12-07_2_1_0_1_4	1	3	3.0
fang6/_2013-12-03_1_1_0_1_0	2	18	9.0
2013-12-01_2_1_1_0_3	292	2097	7.18150684932
2013-12-01_3_1_0_0_0	1367	7715	5.64374542794
2013-12-04_3_1_0_1_0	1190	6922	5.81680672269
2013-12-02_1_4_0_1_0	715	3897	5.45034965035
2013-12-02_1_3_0_0_0	729	4775	6.55006858711
fang5/_2013-12-02_1_1_0_0_0	406	1728	4.25615763547
fang8/_2013-12-03_1_4_0_1_0	1	3	3.0
fang12/_2013-12-01_2_1_0_0_4	19	69	3.63157894737
fang12/_2013-12-01_2_1_0_0_1	14	120	8.57142857143
fang12/_2013-12-01_2_1_0_0_3	6	31	5.16666666667
fang12/_2013-12-01_2_1_0_0_2	25	185	7.4
fang1/_2013-12-05_1_2_0_0_0	224	1281	5.71875
fang11/_2013-12-03_1_1_0_0_0	2	35	17.5
2013-12-02_2_1_0_1_2	356	2737	7.68820224719
2013-12-02_2_1_0_1_3	385	3134	8.14025974026
2013-12-02_2_1_0_1_1	379	2263	5.9709762533
2013-12-02_2_1_0_1_4	365	2682	7.34794520548
fang3/_2013-12-02_1_4_0_0_0	47	248	5.27659574468
2013-12-05_1_3_0_1_0	691	4311	6.23878437048
fang8/_2013-12-07_1_2_0_1_0	3	65	21.6666666667
fang12/_2013-12-07_3_1_0_0_0	35	393	11.2285714286
fang5/_2013-12-05_2_1_1_0_3	122	680	5.5737704918
fang5/_2013-12-05_2_1_1_0_2	119	787	6.61344537815
fang5/_2013-12-05_2_1_1_0_1	134	1016	7.58208955224
fang5/_2013-12-05_2_1_1_0_4	111	607	5.46846846847
fang6/_2013-12-07_1_1_0_1_0	1	2	2.0
fang6/_2013-12-05_3_1_0_1_0	8	54	6.75
fang5/_2013-12-03_1_2_0_0_0	360	1698	4.71666666667
fang6/_2013-12-03_2_1_0_1_2	4	23	5.75
fang8/_2013-12-05_3_1_0_1_0	2	4	2.0
/fang/fang8/search	14	185	13.2142857143
fang12/_2013-12-06_2_1_1_1_4	1	5	5.0
fang12/_2013-12-06_2_1_1_1_2	3	20	6.66666666667
fang12/_2013-12-06_2_1_1_1_3	2	6	3.0
2013-12-01_1_1_0_0_0	606	3968	6.54785478548
fang5/_2013-12-03_2_1_1_0_1	162	731	4.51234567901
fang11/_2013-12-03_2_1_0_0_2	1	2	2.0
fang11/_2013-12-03_2_1_0_0_3	2	4	2.0
fang11/_2013-12-03_2_1_0_0_4	3	12	4.0
fang10/_2013-12-05_1_1_0_1_0	1	8	8.0
fang10/_2013-12-01_2_1_1_0_4	1	1	1.0
fang5/_2013-12-03_1_1_0_0_0	423	1844	4.35933806147
fang10/_2013-12-01_2_1_1_0_2	1	4	4.0
fang7/_2013-12-06_2_1_1_0_3	2	9	4.5
fang10/_2013-12-01_2_1_1_0_1	1	5	5.0
fang7/_2013-12-06_2_1_0_0_3	2	14	7.0
fang10/_2013-12-06_1_3_0_1_0	1	3	3.0
fang3/_2013-12-04_2_1_1_1_4	1	5	5.0
fang3/_2013-12-04_2_1_1_1_1	1	4	4.0
fang7/_2013-12-06_2_1_0_0_1	3	18	6.0
fang3/_2013-12-04_2_1_1_1_3	2	5	2.5
fang11/_2013-12-01_1_2_0_0_0	1	4	4.0
/fang/fang1/list	6572	190039	28.9164637858
fang6/_2013-12-05_1_1_0_0_0	8	66	8.25
fang3/_2013-12-04_1_3_0_0_0	36	133	3.69444444444
fang5/_2013-12-04_2_1_0_0_2	210	1222	5.81904761905
fang3/_2013-12-04_1_4_0_1_0	18	64	3.55555555556
fang5/_2013-12-04_2_1_0_0_4	237	1069	4.51054852321
fang8/_2013-12-03_2_1_0_0_4	2	13	6.5
fang8/_2013-12-03_2_1_0_0_1	1	6	6.0
fang8/_2013-12-03_2_1_0_0_3	5	11	2.2
fang8/_2013-12-03_2_1_0_0_2	1	2	2.0
fang1/_2013-12-06_2_1_1_1_1	3	7	2.33333333333
fang9/_2013-12-05_1_2_0_0_0	1	6	6.0
fang1/_2013-12-06_2_1_1_1_2	7	41	5.85714285714
fang1/_2013-12-06_2_1_1_1_4	3	90	30.0
fang5/_2013-12-05_1_1_0_1_0	364	2179	5.98626373626
fang11/_2013-12-04_2_1_1_0_1	1	5	5.0
fang11/_2013-12-04_2_1_1_0_4	1	10	10.0
fang1/_2013-12-03_1_4_0_1_0	222	1324	5.96396396396
fang1/_2013-12-07_1_3_0_1_0	151	881	5.83443708609
fang1/_2013-12-03_2_1_1_1_4	5	23	4.6
fang5/_2013-12-01_1_3_0_0_0	254	1130	4.44881889764
fang1/_2013-12-03_2_1_1_1_1	1	4	4.0
fang1/_2013-12-03_2_1_1_1_2	1	2	2.0
fang1/_2013-12-03_2_1_1_1_3	5	107	21.4
fang7/_2013-12-05_1_1_0_1_0	2	15	7.5
fang2/_2013-12-05_3_1_0_0_0	4	156	39.0
fang1/_2013-12-04_1_1_0_1_0	214	1153	5.38785046729
fang12/_2013-12-05_3_1_0_0_0	63	371	5.88888888889
fang5/_2013-12-03_2_1_1_0_3	179	871	4.86592178771
fang5/_2013-12-03_2_1_1_0_2	147	619	4.21088435374
fang5/_2013-12-03_2_1_1_0_4	156	636	4.07692307692
fang8/_2013-12-05_1_4_0_0_0	3	11	3.66666666667
fang8/_2013-12-03_1_1_0_1_0	2	6	3.0
fang5/_2013-12-05_1_2_0_1_0	352	1707	4.84943181818
fang11/_2013-12-06_3_1_0_0_0	2	13	6.5
fang2/_2013-12-07_1_3_0_0_0	1	2	2.0
fang8/_2013-12-07_2_1_1_1_1	1	2	2.0
fang8/_2013-12-07_2_1_1_1_3	1	3	3.0
fang3/_2013-12-04_2_1_0_1_3	7	18	2.57142857143
fang11/_2013-12-03_1_2_0_1_0	1	22	22.0
fang12/_2013-12-06_1_1_0_0_0	22	121	5.5
/fang/fang9/search	3	40	13.3333333333
fang12/_2013-12-04_2_1_0_0_1	11	36	3.27272727273
fang12/_2013-12-04_2_1_0_0_2	18	176	9.77777777778
fang12/_2013-12-04_2_1_0_0_3	22	150	6.81818181818
fang12/_2013-12-04_2_1_0_0_4	30	161	5.36666666667
/fang/fang12/detail	2648	16348	6.17371601208
fang7/_2013-12-02_2_1_0_1_3	1	2	2.0
fang7/_2013-12-02_2_1_0_1_1	1	4	4.0
fang7/_2013-12-02_2_1_0_1_4	2	5	2.5
fang1/_2013-12-04_3_1_0_0_0	479	2415	5.04175365344
fang3/_2013-12-04_1_3_0_1_0	19	53	2.78947368421
2013-12-04_2_1_1_0_1	344	1812	5.26744186047
2013-12-04_2_1_1_0_2	333	1975	5.93093093093
2013-12-04_2_1_1_0_3	353	2131	6.03682719547
2013-12-04_2_1_1_0_4	347	2022	5.82708933718
/pub/detail_fill/fang/fang8	7	98	14.0
/pub/detail_fill/fang/fang5	109	2074	19.0275229358
/pub/detail_fill/fang/fang4	3	9	3.0
/pub/detail_fill/fang/fang6	19	311	16.3684210526
/pub/detail_fill/fang/fang1	150	2334	15.56
/pub/detail_fill/fang/fang3	12	209	17.4166666667
/pub/detail_fill/fang/fang2	7	273	39.0
fang3/_2013-12-03_1_1_0_1_0	25	113	4.52
fang12/_2013-12-05_1_4_0_1_0	15	163	10.8666666667
fang7/_2013-12-05_1_2_0_0_0	3	9	3.0
fang12/_2013-12-06_3_1_0_0_0	47	343	7.29787234043
/picture/fang/fang12/detail	3	25	8.33333333333
fang3/_2013-12-05_1_1_0_0_0	38	207	5.44736842105
fang4/_2013-12-07_2_1_0_1_1	1	2	2.0
fang9/_2013-12-04_2_1_0_0_4	1	2	2.0
fang10/_2013-12-05_1_3_0_0_0	1	3	3.0
fang1/_2013-12-05_3_1_0_0_0	471	2673	5.67515923567
fang3/_2013-12-06_1_2_0_1_0	20	62	3.1
fang1/_2013-12-05_2_1_0_0_4	225	1377	6.12
fang1/_2013-12-05_2_1_0_0_2	244	1321	5.41393442623
fang1/_2013-12-05_2_1_0_0_3	214	1350	6.30841121495
fang9/_2013-12-04_3_1_0_0_0	3	15	5.0
fang1/_2013-12-05_2_1_0_0_1	238	1122	4.71428571429
fang1/_2013-12-07_2_1_1_1_1	7	38	5.42857142857
fang1/_2013-12-07_2_1_1_1_2	5	50	10.0
fang1/_2013-12-07_2_1_1_1_3	4	32	8.0
fang1/_2013-12-07_2_1_1_1_4	5	17	3.4
fang9/_2013-12-06_2_1_0_1_2	1	12	12.0
fang5/_2013-12-07_1_3_0_0_0	254	1110	4.37007874016
fang4/_2013-12-04_1_1_0_1_0	2	5	2.5
fang3/_2013-12-02_3_1_0_1_0	38	131	3.44736842105
fang10/_2013-12-02_2_1_0_0_1	2	8	4.0
fang4/_2013-12-06_2_1_1_0_1	1	3	3.0
fang3/_2013-12-04_1_2_0_1_0	24	177	7.375
fang3/_2013-12-07_2_1_1_1_3	4	61	15.25
fang3/_2013-12-07_2_1_1_1_1	1	7	7.0
fang3/_2013-12-07_2_1_1_1_4	1	17	17.0
/fang/fang2/list	319	7881	24.7053291536
fang5/_2013-12-07_1_3_0_1_0	288	1253	4.35069444444
fang4/_2013-12-02_1_1_0_0_0	1	3	3.0
fang10/_2013-12-07_1_3_0_0_0	2	37	18.5
fang1/_2013-12-04_2_1_1_1_4	1	2	2.0
fang1/_2013-12-04_2_1_1_1_3	4	90	22.5
fang1/_2013-12-04_2_1_1_1_2	2	13	6.5
fang1/_2013-12-04_2_1_1_1_1	1	2	2.0
2013-12-01_1_4_0_0_0	528	3583	6.78598484848
fang1/_2013-12-05_1_4_0_1_0	194	1089	5.61340206186
2013-12-05_2_1_1_0_1	275	2204	8.01454545455
fang5/_2013-12-05_1_1_0_0_0	386	1931	5.00259067358
2013-12-05_2_1_1_0_3	246	1539	6.25609756098
2013-12-05_2_1_1_0_2	247	1483	6.004048583
fang9/_2013-12-06_1_3_0_0_0	1	2	2.0
2013-12-05_2_1_1_0_4	218	1323	6.06880733945
fang7/_2013-12-06_2_1_0_1_2	1	19	19.0
fang7/_2013-12-06_2_1_0_1_3	2	26	13.0
fang7/_2013-12-01_2_1_0_0_4	1	4	4.0
fang10/_2013-12-03_3_1_0_1_0	1	15	15.0
fang7/_2013-12-01_2_1_0_0_1	3	38	12.6666666667
fang7/_2013-12-01_2_1_0_0_2	3	11	3.66666666667
fang7/_2013-12-01_2_1_0_0_3	7	37	5.28571428571
fang7/_2013-12-05_2_1_0_1_1	3	11	3.66666666667
fang3/_2013-12-04_2_1_0_0_4	37	201	5.43243243243
fang7/_2013-12-05_2_1_0_1_2	2	22	11.0
fang3/_2013-12-04_2_1_0_0_1	32	108	3.375
fang7/_2013-12-05_2_1_0_1_4	1	4	4.0
fang3/_2013-12-04_2_1_0_0_3	42	274	6.52380952381
fang3/_2013-12-04_2_1_0_0_2	38	210	5.52631578947
fang8/_2013-12-03_1_3_0_0_0	2	7	3.5
fang6/_2013-12-03_2_1_0_1_3	5	14	2.8
fang6/_2013-12-03_2_1_0_1_1	3	58	19.3333333333
fang6/_2013-12-03_2_1_0_1_4	3	56	18.6666666667
fang7/_2013-12-02_1_2_0_0_0	2	5	2.5
2013-12-06_3_1_0_1_0	1144	6372	5.56993006993
fang6/_2013-12-02_1_1_0_0_0	6	99	16.5
fang3/_2013-12-07_2_1_0_1_3	3	6	2.0
fang3/_2013-12-07_2_1_0_1_2	11	56	5.09090909091
fang3/_2013-12-07_2_1_0_1_1	5	28	5.6
fang3/_2013-12-07_1_4_0_1_0	18	164	9.11111111111
fang3/_2013-12-07_2_1_0_1_4	8	64	8.0
fang1/_2013-12-02_1_1_0_0_0	269	1598	5.9405204461
fang1/_2013-12-02_1_4_0_1_0	193	909	4.70984455959
fang5/_2013-12-03_2_1_0_0_1	187	882	4.71657754011
fang5/_2013-12-03_2_1_0_0_2	177	666	3.76271186441
fang5/_2013-12-03_2_1_0_0_3	208	890	4.27884615385
fang5/_2013-12-03_2_1_0_0_4	199	923	4.63819095477
2013-12-05_2_1_0_1_1	367	2188	5.96185286104
2013-12-05_2_1_0_1_3	374	1983	5.30213903743
2013-12-05_2_1_0_1_2	337	2067	6.13353115727
fang6/_2013-12-06_2_1_1_0_3	2	7	3.5
2013-12-05_2_1_0_1_4	327	2329	7.12232415902
fang6/_2013-12-06_2_1_1_0_1	1	9	9.0
fang5/_2013-12-06_2_1_1_1_4	5	29	5.8
fang3/_2013-12-06_3_1_0_1_0	40	265	6.625
fang5/_2013-12-06_2_1_1_1_1	11	54	4.90909090909
fang5/_2013-12-06_2_1_1_1_3	14	143	10.2142857143
fang5/_2013-12-06_2_1_1_1_2	10	117	11.7
fang11/_2013-12-06_1_1_0_1_0	1	7	7.0
fang1/_2013-12-03_1_2_0_0_0	251	1325	5.27888446215
fang3/_2013-12-06_1_1_0_0_0	39	210	5.38461538462
2013-12-04_1_2_0_0_0	683	3817	5.58857979502
fang7/_2013-12-05_1_4_0_1_0	1	21	21.0
fang3/_2013-12-03_1_3_0_1_0	21	247	11.7619047619
/fang/fang3/detail	2648	18743	7.07817220544
fang3/_2013-12-02_1_2_0_0_0	46	129	2.80434782609
fang7/_2013-12-07_2_1_0_1_4	1	2	2.0
2013-12-05_1_3_0_0_0	645	4578	7.0976744186
2013-12-07_1_1_0_1_0	622	4750	7.63665594855
fang9/_2013-12-02_3_1_0_1_0	3	9	3.0
fang3/_2013-12-03_1_3_0_0_0	38	171	4.5
fang2/_2013-12-03_3_1_0_0_0	1	13	13.0
fang1/_2013-12-03_2_1_0_0_4	206	980	4.7572815534
fang10/_2013-12-02_1_4_0_1_0	1	11	11.0
fang1/_2013-12-03_2_1_0_0_1	203	1089	5.3645320197
fang1/_2013-12-03_2_1_0_0_2	181	1123	6.2044198895
fang1/_2013-12-03_2_1_0_0_3	162	1207	7.45061728395
/picture/fang/fang5/detail	15	222	14.8
/fang/fang12/search	9	182	20.2222222222
/self_promotion/fang/zizhu_zhiding/detail	1	37	37.0
fang4/_2013-12-03_2_1_0_0_3	1	2	2.0
fang5/_2013-12-07_2_1_0_0_4	145	732	5.04827586207
fang5/_2013-12-07_2_1_0_0_1	134	642	4.79104477612
fang10/_2013-12-06_1_1_0_1_0	1	3	3.0
fang5/_2013-12-07_2_1_0_0_3	129	804	6.23255813953
fang4/_2013-12-03_1_1_0_1_0	1	2	2.0
fang5/_2013-12-05_2_1_0_0_2	236	978	4.14406779661
fang5/_2013-12-05_2_1_0_0_3	254	816	3.2125984252
fang5/_2013-12-05_2_1_0_0_1	256	1145	4.47265625
fang5/_2013-12-05_2_1_0_0_4	252	1041	4.13095238095
fang12/_2013-12-01_1_4_0_0_0	13	58	4.46153846154
fang7/_2013-12-01_1_1_0_0_0	1	2	2.0
fang12/_2013-12-07_1_3_0_1_0	17	68	4.0
fang8/_2013-12-02_2_1_1_0_3	1	4	4.0
fang3/_2013-12-03_2_1_0_1_4	7	7	1.0
fang3/_2013-12-03_2_1_0_1_3	12	36	3.0
fang3/_2013-12-03_2_1_0_1_2	14	63	4.5
fang3/_2013-12-03_2_1_0_1_1	7	18	2.57142857143
fang1/_2013-12-03_1_1_0_0_0	292	1530	5.2397260274
fang5/_2013-12-03_1_4_0_1_0	366	1792	4.89617486339
2013-12-06_1_3_0_1_0	583	3093	5.30531732419
fang11/_2013-12-05_1_2_0_0_0	2	4	2.0
fang6/_2013-12-06_1_1_0_0_0	3	38	12.6666666667
fang10/_2013-12-04_1_3_0_0_0	1	34	34.0
fang4/_2013-12-04_2_1_0_1_3	2	21	10.5
fang3/_2013-12-06_1_1_0_1_0	23	142	6.17391304348
fang4/_2013-12-04_2_1_0_1_1	1	3	3.0
fang1/_2013-12-05_2_1_1_1_4	1	15	15.0
fang1/_2013-12-05_2_1_1_1_2	5	41	8.2
fang1/_2013-12-05_2_1_1_1_3	4	39	9.75
fang1/_2013-12-05_2_1_1_1_1	3	7	2.33333333333
fang8/_2013-12-02_1_4_0_0_0	2	19	9.5
fang10/_2013-12-06_2_1_0_1_3	1	2	2.0
fang3/_2013-12-07_1_3_0_1_0	25	136	5.44
fang4/_2013-12-02_1_4_0_0_0	2	32	16.0
fang8/_2013-12-07_1_3_0_1_0	5	16	3.2
fang4/_2013-12-06_2_1_0_1_3	1	2	2.0
fang4/_2013-12-06_2_1_0_1_2	2	11	5.5
fang11/_2013-12-04_3_1_0_1_0	1	12	12.0
fang8/_2013-12-04_3_1_0_0_0	3	14	4.66666666667
fang8/_2013-12-07_1_4_0_0_0	1	3	3.0
fang12/_2013-12-06_1_4_0_1_0	11	89	8.09090909091
fang7/_2013-12-03_2_1_1_0_2	2	23	11.5
fang5/_2013-12-02_3_1_0_0_0	1030	4207	4.08446601942
fang7/_2013-12-04_1_4_0_1_0	4	11	2.75
fang7/_2013-12-05_3_1_0_0_0	1	4	4.0
fang12/_2013-12-04_1_3_0_1_0	17	125	7.35294117647
fang3/_2013-12-02_1_1_0_1_0	36	452	12.5555555556
fang7/_2013-12-04_1_2_0_1_0	1	2	2.0
fang6/_2013-12-05_2_1_0_0_1	5	181	36.2
fang6/_2013-12-05_2_1_0_0_3	1	2	2.0
fang6/_2013-12-05_2_1_0_0_2	5	27	5.4
fang6/_2013-12-05_2_1_0_0_4	5	63	12.6
fang5/_2013-12-06_2_1_0_1_4	184	988	5.36956521739
fang5/_2013-12-06_2_1_0_1_1	180	1066	5.92222222222
fang5/_2013-12-06_2_1_0_1_2	183	779	4.25683060109
fang12/_2013-12-02_1_2_0_1_0	11	67	6.09090909091
fang11/_2013-12-04_1_3_0_1_0	1	15	15.0
2013-12-06_2_1_0_0_4	539	2998	5.56215213358
2013-12-06_2_1_0_0_3	582	3502	6.01718213058
2013-12-06_2_1_0_0_2	601	4065	6.76372712146
2013-12-06_2_1_0_0_1	582	3219	5.53092783505
2013-12-04_2_1_0_0_1	543	2974	5.47697974217
2013-12-04_2_1_0_0_3	524	3147	6.00572519084
2013-12-04_2_1_0_0_2	555	3978	7.16756756757
2013-12-04_2_1_0_0_4	572	3526	6.16433566434
fang6/_2013-12-06_1_4_0_1_0	1	3	3.0
fang8/_2013-12-06_2_1_1_0_1	1	11	11.0
2013-12-06_1_4_0_1_0	609	3428	5.6288998358
fang7/_2013-12-03_3_1_0_0_0	5	18	3.6
fang7/_2013-12-06_1_2_0_1_0	1	2	2.0
fang5/_2013-12-02_1_3_0_1_0	378	1550	4.10052910053
fang10/_2013-12-07_1_4_0_1_0	3	166	55.3333333333
fang12/_2013-12-04_1_2_0_1_0	20	140	7.0
fang12/_2013-12-01_3_1_0_1_0	21	116	5.52380952381
fang1/_2013-12-06_3_1_0_1_0	266	1138	4.27819548872
fang3/_2013-12-04_1_1_0_0_0	63	267	4.2380952381
2013-12-04_1_4_0_0_0	687	4408	6.41630276565
fang1/_2013-12-06_2_1_1_1_3	7	47	6.71428571429
fang7/_2013-12-03_1_2_0_1_0	2	74	37.0
fang1/_2013-12-02_1_3_0_1_0	215	1225	5.6976744186
fang12/_2013-12-02_3_1_0_0_0	50	264	5.28
fang9/_2013-12-01_3_1_0_0_0	3	17	5.66666666667
fang2/_2013-12-01_1_2_0_1_0	2	14	7.0
fang8/_2013-12-03_2_1_1_1_1	1	3	3.0
fang2/_2013-12-05_1_1_0_0_0	1	29	29.0
fang2/_2013-12-05_2_1_0_1_2	1	5	5.0
2013-12-07_3_1_0_0_0	1306	7720	5.91117917305
fang5/_2013-12-02_3_1_0_1_0	800	3411	4.26375
fang6/_2013-12-04_3_1_0_1_0	4	11	2.75
fang6/_2013-12-04_2_1_0_1_2	7	32	4.57142857143
fang6/_2013-12-04_2_1_0_1_4	4	18	4.5
fang12/_2013-12-04_2_1_1_1_1	1	4	4.0
fang12/_2013-12-04_2_1_1_1_2	2	6	3.0
fang12/_2013-12-04_2_1_1_1_3	1	4	4.0
fang12/_2013-12-04_2_1_1_1_4	1	2	2.0
fang1/_2013-12-04_2_1_0_0_4	210	1269	6.04285714286
fang1/_2013-12-04_2_1_0_0_3	185	1006	5.43783783784
fang10/_2013-12-02_1_3_0_0_0	3	74	24.6666666667
fang1/_2013-12-04_2_1_0_0_1	211	1175	5.56872037915
fang4/_2013-12-02_2_1_0_1_1	1	2	2.0
/fang/fang8/detail	183	1918	10.4808743169
fang4/_2013-12-02_2_1_0_1_3	2	9	4.5
fang4/_2013-12-02_2_1_0_1_2	1	2	2.0
fang4/_2013-12-02_2_1_0_1_4	1	2	2.0
fang12/_2013-12-03_1_1_0_0_0	18	78	4.33333333333
fang7/_2013-12-04_2_1_1_0_1	2	43	21.5
2013-12-06_2_1_0_1_4	302	1944	6.43708609272
2013-12-06_2_1_0_1_2	328	1951	5.94817073171
2013-12-06_2_1_0_1_3	348	1879	5.39942528736
2013-12-06_2_1_0_1_1	300	1826	6.08666666667
fang5/_2013-12-06_1_4_0_0_0	306	1060	3.46405228758
fang4/_2013-12-02_2_1_1_0_3	1	2	2.0
fang4/_2013-12-02_2_1_1_0_2	1	2	2.0
fang4/_2013-12-02_2_1_1_0_4	1	4	4.0
fang12/_2013-12-07_1_2_0_1_0	16	74	4.625
fang6/_2013-12-06_1_4_0_0_0	2	8	4.0
fang1/_2013-12-06_1_3_0_0_0	216	1002	4.63888888889
fang4/_2013-12-06_3_1_0_0_0	1	3	3.0
/fang/fang1/search	174	3840	22.0689655172
2013-12-05_1_2_0_0_0	654	3892	5.95107033639
fang11/_2013-12-07_2_1_0_0_3	1	2	2.0
fang6/_2013-12-06_1_2_0_1_0	4	27	6.75
/self_promotion/fang/list	6	77	12.8333333333
fang11/_2013-12-01_3_1_0_1_0	3	23	7.66666666667
fang1/_2013-12-07_1_2_0_0_0	171	1169	6.83625730994
fang10/_2013-12-04_1_3_0_1_0	1	2	2.0
fang5/_2013-12-04_2_1_1_0_2	157	812	5.17197452229
fang5/_2013-12-04_2_1_1_0_3	167	756	4.52694610778
fang5/_2013-12-04_2_1_1_0_1	177	752	4.24858757062
2013-12-01_2_1_1_0_1	245	1699	6.93469387755
fang5/_2013-12-04_2_1_1_0_4	154	641	4.16233766234
2013-12-01_2_1_1_0_2	281	1679	5.97508896797
2013-12-07_2_1_0_0_3	371	2619	7.05929919137
fang5/_2013-12-07_3_1_0_0_0	754	3146	4.1724137931
fang12/_2013-12-03_1_4_0_0_0	16	98	6.125
fang11/_2013-12-07_3_1_0_0_0	1	2	2.0
fang6/_2013-12-04_3_1_0_0_0	6	26	4.33333333333
/fang/xiaoqu/list	163	2491	15.282208589
fang12/_2013-12-03_2_1_1_1_3	2	25	12.5
fang12/_2013-12-03_2_1_1_1_2	2	10	5.0
fang12/_2013-12-03_2_1_1_1_1	1	7	7.0
fang11/_2013-12-01_2_1_0_0_4	2	32	16.0
fang11/_2013-12-01_2_1_0_0_2	1	5	5.0
fang11/_2013-12-01_2_1_0_0_3	3	9	3.0
fang11/_2013-12-01_2_1_0_0_1	1	4	4.0
fang1/_2013-12-05_1_1_0_1_0	220	1241	5.64090909091
fang12/_2013-12-01_1_4_0_1_0	5	20	4.0
fang11/_2013-12-06_1_3_0_0_0	1	92	92.0
2013-12-01_1_2_0_1_0	465	3336	7.17419354839
2013-12-03_1_3_0_0_0	716	3877	5.41480446927
/fang/jingjiren/fang3_list	3	41	13.6666666667
2013-12-05_1_1_0_1_0	689	4776	6.93178519594
fang12/_2013-12-03_1_2_0_1_0	12	151	12.5833333333
fang12/_2013-12-03_1_3_0_1_0	12	48	4.0
fang12/_2013-12-05_2_1_1_0_4	11	62	5.63636363636
fang5/_2013-12-04_1_2_0_0_0	354	1637	4.62429378531
2013-12-03_3_1_0_0_0	1841	9061	4.92178164041
fang2/_2013-12-04_2_1_1_1_3	1	12	12.0
fang1/_2013-12-07_2_1_0_0_1	153	844	5.51633986928
fang1/_2013-12-07_2_1_0_0_2	123	644	5.23577235772
fang1/_2013-12-07_2_1_0_0_3	145	673	4.64137931034
fang1/_2013-12-07_2_1_0_0_4	153	1149	7.50980392157
fang7/_2013-12-02_1_3_0_0_0	4	45	11.25
fang4/_2013-12-06_1_2_0_1_0	2	5	2.5
fang2/_2013-12-06_2_1_0_1_2	1	6	6.0
fang2/_2013-12-06_2_1_0_1_1	1	2	2.0
fang1/_2013-12-03_3_1_0_1_0	315	1592	5.05396825397
fang3/_2013-12-06_2_1_0_1_2	12	35	2.91666666667
fang3/_2013-12-06_2_1_0_1_3	9	74	8.22222222222
fang3/_2013-12-06_2_1_0_1_1	9	16	1.77777777778
fang7/_2013-12-04_1_3_0_0_0	1	2	2.0
fang3/_2013-12-06_2_1_0_1_4	7	21	3.0
fang8/_2013-12-01_3_1_0_1_0	2	4	2.0
fang8/_2013-12-02_1_3_0_1_0	3	30	10.0
fang8/_2013-12-02_2_1_0_0_4	3	20	6.66666666667
fang8/_2013-12-02_2_1_0_0_1	1	3	3.0
fang8/_2013-12-02_2_1_0_0_3	2	41	20.5
fang10/_2013-12-07_2_1_1_0_4	2	20	10.0
fang10/_2013-12-07_2_1_1_0_1	2	4	2.0
fang4/_2013-12-05_1_2_0_1_0	1	2	2.0
fang10/_2013-12-07_2_1_1_0_3	1	13	13.0
fang6/_2013-12-03_2_1_1_0_2	5	25	5.0
fang6/_2013-12-03_2_1_1_0_3	5	77	15.4
fang6/_2013-12-03_2_1_1_0_1	4	14	3.5
fang6/_2013-12-04_2_1_1_0_3	3	61	20.3333333333
fang6/_2013-12-03_2_1_1_0_4	7	71	10.1428571429
fang3/_2013-12-04_1_4_0_0_0	37	159	4.2972972973
fang6/_2013-12-07_2_1_0_1_4	3	17	5.66666666667
fang6/_2013-12-07_2_1_0_1_2	1	3	3.0
fang6/_2013-12-07_2_1_0_1_3	2	6	3.0
fang6/_2013-12-07_2_1_0_1_1	1	10	10.0
fang2/_2013-12-01_3_1_0_1_0	1	8	8.0
fang3/_2013-12-07_2_1_1_0_2	9	72	8.0
fang12/_2013-12-01_1_1_0_1_0	10	50	5.0
fang10/_2013-12-04_1_1_0_1_0	2	6	3.0
fang2/_2013-12-03_1_3_0_1_0	2	21	10.5
/archive/fang/fang5/detail	14066	64769	4.60464950946
fang3/_2013-12-03_2_1_1_0_4	17	173	10.1764705882
fang3/_2013-12-03_2_1_1_0_3	13	106	8.15384615385
fang3/_2013-12-03_2_1_1_0_2	19	231	12.1578947368
fang3/_2013-12-03_2_1_1_0_1	14	111	7.92857142857
fang11/_2013-12-06_2_1_0_0_4	2	23	11.5
fang11/_2013-12-06_2_1_0_0_1	1	9	9.0
fang11/_2013-12-06_2_1_0_0_3	4	14	3.5
fang8/_2013-12-01_1_1_0_1_0	1	2	2.0
fang5/_2013-12-04_1_1_0_1_0	379	1676	4.42216358839
/fang/fang5/search	187	3397	18.1657754011
fang1/_2013-12-01_1_4_0_0_0	190	1106	5.82105263158
fang1/_2013-12-01_1_3_0_0_0	156	865	5.54487179487
/fang/xiaoqu/search	1	12	12.0
/archive/fang/fang7/detail	55	344	6.25454545455
fang11/_2013-12-02_2_1_0_1_1	1	3	3.0
fang11/_2013-12-02_2_1_0_1_2	1	6	6.0
fang11/_2013-12-02_2_1_0_1_3	2	4	2.0
2013-12-03_1_2_0_0_0	729	3959	5.43072702332
fang1/_2013-12-07_3_1_0_0_0	361	2374	6.57617728532
2013-12-02_3_1_0_1_0	1330	6981	5.24887218045
2013-12-06_1_2_0_1_0	571	3742	6.5534150613
fang6/_2013-12-05_1_3_0_1_0	2	10	5.0
fang3/_2013-12-07_1_2_0_0_0	35	94	2.68571428571
fang2/_2013-12-05_2_1_1_0_4	1	2	2.0
fang2/_2013-12-05_2_1_1_0_2	1	10	10.0
fang2/_2013-12-04_2_1_0_0_4	3	32	10.6666666667
fang2/_2013-12-04_2_1_0_0_1	3	29	9.66666666667
fang2/_2013-12-04_2_1_0_0_3	1	5	5.0
fang3/_2013-12-07_2_1_1_1_2	2	14	7.0
fang5/_2013-12-06_1_1_0_0_0	326	1449	4.44478527607
fang6/_2013-12-03_1_3_0_0_0	7	57	8.14285714286
fang3/_2013-12-05_2_1_0_0_2	47	161	3.42553191489
fang11/_2013-12-01_2_1_1_1_1	1	8	8.0
fang7/_2013-12-04_2_1_1_0_2	2	24	12.0
fang4/_2013-12-05_1_3_0_0_0	1	3	3.0
fang1/_2013-12-07_1_2_0_1_0	159	729	4.58490566038
fang11/_2013-12-05_3_1_0_1_0	2	68	34.0
fang10/_2013-12-04_2_1_1_1_1	1	17	17.0
fang6/_2013-12-05_1_2_0_1_0	6	21	3.5
fang6/_2013-12-06_3_1_0_1_0	6	58	9.66666666667
fang6/_2013-12-04_1_2_0_0_0	3	24	8.0
/fang/fang8/list	223	4670	20.9417040359
fang3/_2013-12-01_3_1_0_1_0	31	267	8.61290322581
fang8/_2013-12-03_2_1_0_1_4	2	39	19.5
fang6/_2013-12-06_1_3_0_0_0	5	24	4.8
2013-12-06_1_1_0_1_0	586	3600	6.1433447099
fang7/_2013-12-04_2_1_0_1_1	2	10	5.0
fang7/_2013-12-04_2_1_0_1_2	4	16	4.0
fang7/_2013-12-04_2_1_0_1_3	1	3	3.0
fang7/_2013-12-04_2_1_0_1_4	2	11	5.5
fang7/_2013-12-03_1_3_0_1_0	1	14	14.0
fang11/_2013-12-07_2_1_0_0_4	1	2	2.0
2013-12-04_1_1_0_0_0	873	5471	6.26689576174
fang8/_2013-12-03_2_1_0_1_3	3	50	16.6666666667
fang5/_2013-12-04_3_1_0_0_0	1011	4333	4.28585558853
fang11/_2013-12-05_1_1_0_1_0	1	3	3.0
fang2/_2013-12-07_2_1_0_1_2	1	15	15.0
fang4/_2013-12-05_2_1_0_1_1	1	75	75.0
fang4/_2013-12-05_2_1_0_1_4	1	8	8.0
fang9/_2013-12-05_2_1_0_0_1	1	2	2.0
fang2/_2013-12-07_2_1_0_1_4	1	3	3.0
fang10/_2013-12-06_2_1_1_0_4	1	39	39.0
fang11/_2013-12-02_1_1_0_0_0	3	27	9.0
fang6/_2013-12-04_1_3_0_0_0	1	2	2.0
fang10/_2013-12-06_2_1_1_0_2	1	2	2.0
fang10/_2013-12-02_3_1_0_0_0	6	50	8.33333333333
fang6/_2013-12-06_1_1_0_1_0	1	6	6.0
/fang/fang1/detail	17662	110979	6.28348997848
fang9/_2013-12-05_1_1_0_1_0	1	2	2.0
2013-12-01_2_1_0_0_4	425	2646	6.22588235294
2013-12-01_2_1_0_0_1	405	3233	7.98271604938
2013-12-01_2_1_0_0_2	411	2411	5.86618004866
2013-12-01_2_1_0_0_3	399	2599	6.51378446115
fang1/_2013-12-03_1_3_0_1_0	197	1087	5.51776649746
fang11/_2013-12-06_1_4_0_1_0	1	23	23.0
fang6/_2013-12-01_3_1_0_0_0	7	189	27.0
fang10/_2013-12-03_1_2_0_0_0	1	2	2.0
fang10/_2013-12-03_2_1_1_0_2	1	5	5.0
fang8/_2013-12-04_2_1_0_1_3	1	10	10.0
fang8/_2013-12-04_2_1_0_1_1	1	2	2.0
fang3/_2013-12-03_1_4_0_1_0	36	132	3.66666666667
fang10/_2013-12-05_3_1_0_0_0	2	65	32.5
fang2/_2013-12-01_1_3_0_0_0	2	41	20.5
fang12/_2013-12-03_2_1_0_0_3	14	57	4.07142857143
fang12/_2013-12-03_2_1_0_0_2	26	117	4.5
fang12/_2013-12-03_2_1_0_0_1	19	194	10.2105263158
fang12/_2013-12-03_2_1_0_0_4	24	159	6.625
fang10/_2013-12-07_2_1_0_0_4	3	20	6.66666666667
fang10/_2013-12-07_2_1_0_0_1	2	14	7.0
fang10/_2013-12-07_2_1_0_0_3	2	23	11.5
fang10/_2013-12-07_2_1_0_0_2	1	3	3.0
fang1/_2013-12-02_2_1_1_1_4	11	32	2.90909090909
fang1/_2013-12-01_3_1_0_0_0	380	2276	5.98947368421
fang1/_2013-12-02_2_1_1_1_1	8	22	2.75
fang1/_2013-12-02_2_1_1_1_3	8	94	11.75
fang1/_2013-12-02_2_1_1_1_2	1	4	4.0
fang12/_2013-12-07_1_4_0_1_0	9	51	5.66666666667
fang5/_2013-12-04_1_3_0_1_0	330	1399	4.23939393939
fang8/_2013-12-04_1_4_0_1_0	4	52	13.0
fang10/_2013-12-03_2_1_0_1_1	1	4	4.0
fang10/_2013-12-03_2_1_0_1_2	1	17	17.0
fang10/_2013-12-03_2_1_0_1_3	1	2	2.0
fang7/_2013-12-07_2_1_0_0_2	2	6	3.0
fang8/_2013-12-01_1_4_0_1_0	1	2	2.0
2013-12-03_1_4_0_1_0	696	4275	6.14224137931
fang6/_2013-12-07_1_3_0_1_0	1	2	2.0
fang12/_2013-12-07_2_1_0_1_2	11	111	10.0909090909
fang12/_2013-12-07_2_1_0_1_3	13	39	3.0
2013-12-07_1_2_0_1_0	561	3650	6.50623885918
fang6/_2013-12-03_1_4_0_1_0	5	77	15.4
fang7/_2013-12-06_1_4_0_0_0	4	18	4.5
fang3/_2013-12-01_2_1_0_1_1	12	39	3.25
fang11/_2013-12-05_2_1_0_0_3	2	64	32.0
fang3/_2013-12-01_2_1_0_1_3	15	254	16.9333333333
fang11/_2013-12-05_2_1_0_0_1	2	5	2.5
fang3/_2013-12-01_2_1_0_1_4	10	50	5.0
/fang/fang5/list	7145	162073	22.6834149755
fang12/_2013-12-02_2_1_1_1_2	1	2	2.0
fang12/_2013-12-02_2_1_1_1_3	2	6	3.0
2013-12-05_3_1_0_1_0	1258	7574	6.02066772655
fang9/_2013-12-02_2_1_0_0_4	1	3	3.0
fang10/_2013-12-06_3_1_0_0_0	8	52	6.5
fang7/_2013-12-05_3_1_0_1_0	1	6	6.0
fang6/_2013-12-07_2_1_1_0_2	1	4	4.0
fang6/_2013-12-07_2_1_1_0_1	3	70	23.3333333333
fang6/_2013-12-04_1_4_0_1_0	4	17	4.25
fang6/_2013-12-04_1_1_0_1_0	2	7	3.5
fang11/_2013-12-02_1_3_0_1_0	3	13	4.33333333333
fang7/_2013-12-02_1_4_0_0_0	2	19	9.5
fang9/_2013-12-01_2_1_0_1_1	1	4	4.0
fang1/_2013-12-01_1_2_0_1_0	118	1014	8.59322033898
fang7/_2013-12-03_1_1_0_0_0	2	5	2.5
fang3/_2013-12-03_1_4_0_0_0	42	329	7.83333333333
2013-12-06_2_1_1_1_3	28	216	7.71428571429
fang5/_2013-12-02_1_2_0_0_0	357	1412	3.95518207283
fang3/_2013-12-01_1_4_0_0_0	29	251	8.65517241379
fang6/_2013-12-01_2_1_1_0_1	2	16	8.0
fang6/_2013-12-01_2_1_1_0_2	3	6	2.0
fang6/_2013-12-01_2_1_1_0_3	3	161	53.6666666667
fang3/_2013-12-03_1_2_0_1_0	21	339	16.1428571429
fang5/_2013-12-06_1_3_0_0_0	270	1515	5.61111111111
2013-12-03_2_1_0_0_3	499	3090	6.19238476954
fang2/_2013-12-06_3_1_0_1_0	1	25	25.0
2013-12-03_2_1_0_0_1	490	2727	5.56530612245
2013-12-03_2_1_0_0_4	527	2808	5.32827324478
fang12/_2013-12-02_2_1_0_0_2	20	89	4.45
fang12/_2013-12-02_2_1_0_0_3	27	190	7.03703703704
fang4/_2013-12-01_1_2_0_1_0	1	29	29.0
fang12/_2013-12-02_2_1_0_0_1	25	196	7.84
fang12/_2013-12-02_2_1_0_0_4	22	70	3.18181818182
fang4/_2013-12-05_1_1_0_1_0	1	4	4.0
fang8/_2013-12-05_2_1_0_0_4	1	2	2.0
fang8/_2013-12-05_2_1_0_0_3	2	9	4.5
fang8/_2013-12-05_2_1_0_0_2	1	10	10.0
fang8/_2013-12-05_2_1_0_0_1	4	10	2.5
fang11/_2013-12-04_2_1_0_1_2	1	2	2.0
fang11/_2013-12-05_1_2_0_1_0	1	46	46.0
all	126094	1105980	8.77107554681
fang10/_2013-12-04_2_1_0_0_2	5	100	20.0
fang10/_2013-12-04_2_1_0_0_3	1	2	2.0
/picture/fang/fang7/detail	1	2	2.0
fang8/_2013-12-04_1_2_0_1_0	3	18	6.0
fang10/_2013-12-04_2_1_0_0_4	2	13	6.5
fang11/_2013-12-04_2_1_0_1_4	1	5	5.0
fang6/_2013-12-02_3_1_0_1_0	3	16	5.33333333333
fang11/_2013-12-05_1_3_0_0_0	3	53	17.6666666667
fang4/_2013-12-03_1_2_0_0_0	2	8	4.0
fang2/_2013-12-07_1_1_0_1_0	1	3	3.0
fang5/_2013-12-01_1_2_0_0_0	255	1174	4.60392156863
fang12/_2013-12-04_1_1_0_0_0	20	126	6.3
fang3/_2013-12-01_3_1_0_0_0	69	443	6.42028985507
fang2/_2013-12-05_1_4_0_0_0	1	1	1.0
fang5/_2013-12-01_1_1_0_1_0	264	1367	5.17803030303
fang11/_2013-12-06_1_2_0_0_0	1	2	2.0
2013-12-03_1_1_0_1_0	682	4061	5.95454545455
2013-12-05_1_4_0_0_0	634	3384	5.33753943218
fang5/_2013-12-06_3_1_0_0_0	878	3545	4.03758542141
fang8/_2013-12-07_1_1_0_0_0	1	11	11.0
fang5/_2013-12-04_1_4_0_1_0	329	1467	4.45896656535
fang5/_2013-12-03_3_1_0_1_0	726	3027	4.1694214876
2013-12-07_2_1_1_1_4	20	210	10.5
2013-12-07_2_1_1_1_2	17	242	14.2352941176
2013-12-07_2_1_1_1_3	24	296	12.3333333333
2013-12-07_2_1_1_1_1	24	230	9.58333333333
fang8/_2013-12-01_1_2_0_0_0	2	18	9.0
fang3/_2013-12-07_1_1_0_0_0	38	277	7.28947368421
fang10/_2013-12-02_2_1_1_0_1	3	9	3.0
fang11/_2013-12-03_3_1_0_0_0	3	23	7.66666666667
fang10/_2013-12-02_2_1_1_0_2	2	8	4.0
fang10/_2013-12-02_2_1_1_0_4	3	10	3.33333333333
fang6/_2013-12-02_1_3_0_0_0	3	29	9.66666666667
fang12/_2013-12-05_2_1_1_1_3	1	3	3.0
fang12/_2013-12-05_2_1_1_1_4	1	2	2.0
fang1/_2013-12-04_1_2_0_1_0	207	1184	5.71980676329
fang12/_2013-12-01_1_3_0_0_0	13	119	9.15384615385
fang8/_2013-12-03_3_1_0_1_0	1	31	31.0
fang7/_2013-12-03_1_4_0_0_0	4	16	4.0
fang1/_2013-12-01_2_1_1_1_2	5	53	10.6
fang1/_2013-12-01_2_1_1_1_3	5	21	4.2
fang1/_2013-12-01_2_1_1_1_1	4	70	17.5
fang11/_2013-12-07_2_1_0_1_1	2	21	10.5
fang1/_2013-12-01_2_1_1_1_4	1	2	2.0
fang11/_2013-12-07_2_1_0_1_2	1	10	10.0
fang2/_2013-12-03_2_1_0_0_4	1	2	2.0
fang2/_2013-12-03_2_1_0_0_3	4	28	7.0
fang2/_2013-12-03_2_1_0_0_1	1	2	2.0
fang2/_2013-12-02_1_4_0_1_0	1	41	41.0
fang10/_2013-12-05_2_1_1_1_1	1	4	4.0
fang3/_2013-12-06_2_1_1_0_2	9	69	7.66666666667
fang3/_2013-12-06_2_1_1_0_3	7	11	1.57142857143
fang1/_2013-12-05_1_3_0_0_0	230	1471	6.39565217391
fang10/_2013-12-01_1_1_0_1_0	1	5	5.0
fang3/_2013-12-06_2_1_1_0_4	11	100	9.09090909091
fang3/_2013-12-02_2_1_0_1_4	7	34	4.85714285714
fang3/_2013-12-02_2_1_0_1_2	12	163	13.5833333333
fang3/_2013-12-02_2_1_0_1_3	15	88	5.86666666667
fang3/_2013-12-02_2_1_0_1_1	10	87	8.7
fang7/_2013-12-06_1_3_0_1_0	1	4	4.0
/fang/fang12/list	780	14478	18.5615384615
fang9/_2013-12-06_3_1_0_1_0	2	4	2.0
fang5/_2013-12-01_2_1_1_1_4	5	46	9.2
fang5/_2013-12-01_2_1_1_1_2	4	62	15.5
fang5/_2013-12-01_2_1_1_1_3	5	20	4.0
fang5/_2013-12-01_2_1_1_1_1	4	40	10.0
fang6/_2013-12-02_2_1_1_0_3	4	57	14.25
fang6/_2013-12-01_1_2_0_0_0	3	55	18.3333333333
fang6/_2013-12-02_2_1_1_0_1	1	7	7.0
fang4/_2013-12-03_2_1_0_0_2	1	2	2.0
fang4/_2013-12-03_2_1_0_0_4	1	5	5.0
fang6/_2013-12-02_2_1_1_0_4	3	29	9.66666666667
fang10/_2013-12-01_2_1_0_1_2	2	4	2.0
/archive/fang/fang11/detail	64	527	8.234375
fang6/_2013-12-02_1_1_0_1_0	4	36	9.0
fang11/_2013-12-05_1_3_0_1_0	2	10	5.0
fang10/_2013-12-06_2_1_0_1_2	2	87	43.5
fang3/_2013-12-05_2_1_1_1_3	1	2	2.0
fang8/_2013-12-03_1_2_0_1_0	2	4	2.0
fang8/_2013-12-06_1_4_0_0_0	1	11	11.0
fang8/_2013-12-02_3_1_0_0_0	2	20	10.0
fang3/_2013-12-05_3_1_0_1_0	35	262	7.48571428571
fang1/_2013-12-02_1_2_0_1_0	192	1540	8.02083333333
fang8/_2013-12-06_1_2_0_0_0	1	20	20.0
fang4/_2013-12-04_1_2_0_1_0	1	6	6.0
fang6/_2013-12-01_2_1_0_1_4	4	48	12.0
fang12/_2013-12-07_2_1_1_1_4	2	15	7.5
fang6/_2013-12-01_2_1_0_1_1	1	3	3.0
fang6/_2013-12-01_2_1_0_1_2	4	7	1.75
fang6/_2013-12-01_2_1_0_1_3	2	4	2.0
fang12/_2013-12-02_1_4_0_0_0	16	71	4.4375
fang12/_2013-12-06_1_3_0_1_0	12	69	5.75
fang12/_2013-12-01_2_1_1_0_4	12	47	3.91666666667
fang12/_2013-12-05_1_1_0_1_0	8	63	7.875
fang12/_2013-12-01_2_1_1_0_1	5	72	14.4
fang12/_2013-12-01_2_1_1_0_2	14	51	3.64285714286
fang12/_2013-12-01_2_1_1_0_3	13	102	7.84615384615
fang12/_2013-12-03_3_1_0_1_0	27	180	6.66666666667
fang10/_2013-12-03_1_1_0_0_0	3	24	8.0
/archive/fang/fang1/detail	9585	51127	5.33406364111
fang11/_2013-12-03_1_3_0_0_0	1	4	4.0
fang3/_2013-12-06_1_3_0_0_0	27	173	6.40740740741
fang8/_2013-12-07_3_1_0_1_0	2	6	3.0
fang7/_2013-12-03_2_1_0_1_2	3	7	2.33333333333
fang7/_2013-12-03_2_1_0_1_1	1	3	3.0
fang7/_2013-12-03_2_1_0_1_4	1	2	2.0
fang3/_2013-12-05_2_1_0_0_4	39	163	4.17948717949
fang3/_2013-12-05_2_1_0_0_1	43	207	4.81395348837
fang3/_2013-12-03_3_1_0_1_0	38	112	2.94736842105
fang3/_2013-12-05_2_1_0_0_3	34	107	3.14705882353
fang3/_2013-12-05_1_2_0_0_0	29	91	3.13793103448
2013-12-01_1_3_0_0_0	514	3234	6.29182879377
fang6/_2013-12-03_3_1_0_0_0	10	64	6.4
fang5/_2013-12-05_3_1_0_0_0	1006	4119	4.0944333996
fang3/_2013-12-01_1_2_0_0_0	36	264	7.33333333333
fang6/_2013-12-05_1_4_0_0_0	1	10	10.0
fang1/_2013-12-02_3_1_0_1_0	331	1615	4.87915407855
fang7/_2013-12-01_3_1_0_1_0	3	12	4.0
fang5/_2013-12-01_1_4_0_0_0	249	1389	5.57831325301
fang1/_2013-12-06_1_2_0_1_0	164	1168	7.12195121951
fang7/_2013-12-07_2_1_0_0_3	1	2	2.0
fang7/_2013-12-07_2_1_0_0_1	1	56	56.0
fang12/_2013-12-06_1_2_0_0_0	21	77	3.66666666667
fang12/_2013-12-07_1_1_0_0_0	21	128	6.09523809524
fang12/_2013-12-02_1_3_0_1_0	22	87	3.95454545455
fang6/_2013-12-06_2_1_1_0_2	4	109	27.25
2013-12-07_2_1_0_0_4	381	2791	7.32545931759
2013-12-07_2_1_0_0_2	346	1993	5.76011560694
fang1/_2013-12-06_1_4_0_0_0	196	1315	6.70918367347
fang8/_2013-12-05_1_2_0_1_0	1	2	2.0
/fang/fang11/detail	99	1275	12.8787878788
fang3/_2013-12-01_1_3_0_0_0	31	108	3.48387096774
fang12/_2013-12-05_1_2_0_0_0	21	132	6.28571428571
fang10/_2013-12-02_2_1_0_1_1	1	6	6.0
fang10/_2013-12-02_2_1_0_1_3	3	6	2.0
fang10/_2013-12-05_2_1_0_0_3	2	18	9.0
fang10/_2013-12-05_2_1_0_0_2	3	20	6.66666666667
fang10/_2013-12-05_2_1_0_0_1	1	4	4.0
fang10/_2013-12-02_1_4_0_0_0	2	20	10.0
fang10/_2013-12-05_2_1_0_0_4	3	9	3.0
fang3/_2013-12-05_2_1_1_1_4	1	5	5.0
fang10/_2013-12-06_1_4_0_0_0	3	11	3.66666666667
fang8/_2013-12-04_1_1_0_1_0	2	8	4.0
fang3/_2013-12-05_2_1_1_1_1	1	3	3.0
fang3/_2013-12-05_2_1_1_1_2	1	7	7.0
fang10/_2013-12-01_3_1_0_1_0	3	8	2.66666666667
fang6/_2013-12-01_1_4_0_0_0	4	57	14.25
2013-12-04_1_3_0_0_0	691	4247	6.14616497829
fang3/_2013-12-04_3_1_0_0_0	80	540	6.75
2013-12-04_2_1_0_1_3	397	2538	6.39294710327
fang4/_2013-12-07_3_1_0_0_0	1	8	8.0
fang2/_2013-12-02_2_1_0_0_4	1	21	21.0
fang2/_2013-12-02_2_1_0_0_2	4	22	5.5
/picture/fang/fang10/detail	1	2	2.0
fang4/_2013-12-05_3_1_0_0_0	2	5	2.5
fang3/_2013-12-05_1_2_0_1_0	24	122	5.08333333333
fang5/_2013-12-01_2_1_0_0_4	157	915	5.82802547771
fang5/_2013-12-01_2_1_0_0_2	167	670	4.0119760479
fang5/_2013-12-01_2_1_0_0_3	157	776	4.94267515924
fang5/_2013-12-01_2_1_0_0_1	149	953	6.39597315436
2013-12-02_2_1_1_0_2	344	2091	6.07848837209
2013-12-02_2_1_1_0_3	362	2370	6.54696132597
fang1/_2013-12-04_1_3_0_0_0	230	1332	5.79130434783
2013-12-02_2_1_1_0_1	318	1966	6.18238993711
2013-12-02_2_1_1_0_4	323	2109	6.52941176471
fang5/_2013-12-02_2_1_0_0_1	207	903	4.36231884058
fang5/_2013-12-02_2_1_0_0_3	241	1401	5.8132780083
fang5/_2013-12-02_2_1_0_0_2	215	988	4.59534883721
fang5/_2013-12-02_2_1_0_0_4	223	1238	5.55156950673
fang5/_2013-12-07_1_2_0_1_0	298	1534	5.14765100671
fang3/_2013-12-07_1_2_0_1_0	24	141	5.875
fang12/_2013-12-05_1_3_0_0_0	25	133	5.32
fang2/_2013-12-07_1_4_0_0_0	3	21	7.0
fang12/_2013-12-01_2_1_0_1_4	12	64	5.33333333333
fang12/_2013-12-05_2_1_0_0_3	18	78	4.33333333333
fang12/_2013-12-05_2_1_0_0_2	29	170	5.86206896552
fang12/_2013-12-01_2_1_0_1_1	14	121	8.64285714286
fang12/_2013-12-01_2_1_0_1_2	11	103	9.36363636364
fang12/_2013-12-01_2_1_0_1_3	13	53	4.07692307692
fang12/_2013-12-07_2_1_0_0_4	6	26	4.33333333333
fang12/_2013-12-07_2_1_0_0_3	18	84	4.66666666667
fang12/_2013-12-07_2_1_0_0_2	13	49	3.76923076923
fang12/_2013-12-07_2_1_0_0_1	16	211	13.1875
fang12/_2013-12-06_2_1_0_0_4	15	51	3.4
fang12/_2013-12-06_2_1_0_0_2	22	244	11.0909090909
fang12/_2013-12-06_2_1_0_0_3	26	119	4.57692307692
fang12/_2013-12-06_2_1_0_0_1	27	119	4.40740740741
fang7/_2013-12-01_1_2_0_0_0	1	6	6.0
fang1/_2013-12-07_1_1_0_0_0	186	1390	7.47311827957
fang2/_2013-12-02_3_1_0_1_0	2	7	3.5
fang2/_2013-12-04_1_2_0_0_0	2	8	4.0
2013-12-02_1_4_0_0_0	715	4441	6.21118881119
fang8/_2013-12-03_1_4_0_0_0	2	23	11.5
fang8/_2013-12-05_1_1_0_0_0	4	65	16.25
fang10/_2013-12-01_1_4_0_1_0	1	15	15.0
fang3/_2013-12-02_1_3_0_1_0	28	152	5.42857142857
2013-12-07_1_3_0_1_0	549	3297	6.00546448087
2013-12-01	14860	141491	9.52160161507
2013-12-03	19840	165309	8.33210685484
2013-12-02	20077	173035	8.61856851123
2013-12-05	19080	166015	8.70099580713
2013-12-04	19515	169473	8.68424289008
2013-12-07	15370	145637	9.4754066363
2013-12-06	17352	145020	8.35753803596
2013-12-04_3_1_0_0_0	1761	9555	5.42589437819
fang11/_2013-12-03_1_1_0_1_0	2	5	2.5
fang1/_2013-12-05_1_2_0_1_0	212	1434	6.7641509434
fang5/_2013-12-04_3_1_0_1_0	735	3445	4.68707482993
fang3/_2013-12-06_1_4_0_1_0	20	99	4.95
fang12/_2013-12-07_3_1_0_1_0	26	124	4.76923076923
fang11/_2013-12-07_1_4_0_1_0	1	6	6.0
fang6/_2013-12-07_1_1_0_0_0	1	21	21.0
fang6/_2013-12-03_1_2_0_0_0	5	28	5.6
fang3/_2013-12-02_1_4_0_1_0	28	188	6.71428571429
fang12/_2013-12-05_2_1_0_0_1	17	122	7.17647058824
fang1/_2013-12-06_1_1_0_0_0	236	1319	5.58898305085
fang6/_2013-12-07_2_1_1_1_2	1	6	6.0
fang3/_2013-12-02_2_1_1_0_4	17	254	14.9411764706
fang12/_2013-12-06_2_1_1_0_4	14	59	4.21428571429
fang3/_2013-12-02_2_1_1_0_2	10	31	3.1
fang3/_2013-12-02_2_1_1_0_3	17	50	2.94117647059
fang12/_2013-12-06_2_1_1_0_1	9	65	7.22222222222
fang3/_2013-12-02_2_1_1_0_1	15	30	2.0
fang6/_2013-12-05_3_1_0_0_0	8	43	5.375
fang8/_2013-12-05_3_1_0_0_0	4	13	3.25
fang12/_2013-12-05_2_1_0_0_4	15	182	12.1333333333
fang3/_2013-12-01_1_4_0_1_0	16	94	5.875
fang3/_2013-12-01_1_1_0_1_0	21	125	5.95238095238
2013-12-06_2_1_1_0_4	196	1138	5.80612244898
2013-12-06_2_1_1_0_2	226	1334	5.90265486726
2013-12-06_2_1_1_0_3	213	1073	5.03755868545
2013-12-06_2_1_1_0_1	240	1230	5.125
fang3/_2013-12-05_1_3_0_1_0	19	196	10.3157894737
fang11/_2013-12-03_2_1_0_1_3	1	2	2.0
fang11/_2013-12-03_2_1_0_1_2	1	12	12.0
fang11/_2013-12-04_2_1_0_0_3	3	14	4.66666666667
fang11/_2013-12-02_3_1_0_1_0	1	2	2.0
fang11/_2013-12-04_2_1_0_0_1	1	16	16.0
fang11/_2013-12-04_2_1_0_0_4	1	2	2.0
fang9/_2013-12-07_3_1_0_1_0	1	3	3.0
fang10/_2013-12-05_1_1_0_0_0	4	43	10.75
fang3/_2013-12-04_2_1_1_0_4	15	79	5.26666666667
/pub/detail_fill/fang/fang10	6	122	20.3333333333
/pub/detail_fill/fang/fang12	25	638	25.52
fang3/_2013-12-04_2_1_1_0_1	16	92	5.75
fang3/_2013-12-04_2_1_1_0_2	13	127	9.76923076923
fang3/_2013-12-04_2_1_1_0_3	14	51	3.64285714286
fang6/_2013-12-01_1_1_0_1_0	2	5	2.5
2013-12-02_1_1_0_0_0	826	5183	6.27481840194
fang7/_2013-12-05_1_1_0_0_0	2	6	3.0
fang12/_2013-12-02_1_1_0_1_0	14	105	7.5
fang9/_2013-12-05_2_1_1_0_2	1	2	2.0
fang1/_2013-12-03_1_4_0_0_0	272	1582	5.81617647059
fang1/_2013-12-05_2_1_0_1_1	81	320	3.95061728395
fang9/_2013-12-04_2_1_0_1_1	1	2	2.0
2013-12-03_2_1_1_1_2	20	134	6.7
2013-12-03_2_1_1_1_3	24	299	12.4583333333
2013-12-03_2_1_1_1_1	26	304	11.6923076923
fang1/_2013-12-07_1_3_0_0_0	179	1042	5.82122905028
2013-12-03_2_1_1_1_4	19	114	6.0
fang11/_2013-12-02_1_4_0_0_0	2	87	43.5
fang5/_2013-12-06_1_2_0_0_0	274	1297	4.73357664234
fang2/_2013-12-03_1_1_0_0_0	1	3	3.0
fang3/_2013-12-07_3_1_0_1_0	42	203	4.83333333333
fang2/_2013-12-01_2_1_0_0_1	3	24	8.0
fang1/_2013-12-03_2_1_1_0_4	153	928	6.06535947712
fang2/_2013-12-01_2_1_0_0_3	1	34	34.0
fang2/_2013-12-01_2_1_0_0_2	4	17	4.25
fang1/_2013-12-03_2_1_1_0_1	134	644	4.80597014925
fang2/_2013-12-01_2_1_0_0_4	1	2	2.0
fang1/_2013-12-03_2_1_1_0_3	141	1011	7.17021276596
fang1/_2013-12-03_2_1_1_0_2	130	756	5.81538461538
fang7/_2013-12-01_2_1_1_0_1	1	4	4.0
fang12/_2013-12-01_1_2_0_1_0	4	13	3.25
fang5/_2013-12-01_1_3_0_1_0	237	1412	5.95780590717
fang8/_2013-12-05_1_4_0_1_0	1	10	10.0
fang8/_2013-12-03_1_1_0_0_0	2	12	6.0
fang2/_2013-12-07_1_3_0_1_0	1	2	2.0
fang11/_2013-12-02_2_1_1_0_1	1	21	21.0
fang11/_2013-12-02_2_1_1_0_2	5	54	10.8
fang11/_2013-12-02_2_1_1_0_3	1	8	8.0
fang10/_2013-12-01_3_1_0_0_0	2	10	5.0
fang5/_2013-12-03_2_1_1_1_1	13	125	9.61538461538
fang5/_2013-12-03_1_1_0_1_0	368	1704	4.63043478261
fang5/_2013-12-03_2_1_1_1_3	6	20	3.33333333333
fang5/_2013-12-03_2_1_1_1_4	7	35	5.0
/fang/index	578	13559	23.4584775087
/fang/fang7/detail	191	1625	8.50785340314
/fang/fang11/list	245	5001	20.412244898
fang7/_2013-12-02_2_1_1_1_4	1	72	72.0
2013-12-04_1_4_0_1_0	641	3852	6.00936037441
fang6/_2013-12-02_2_1_0_0_2	2	92	46.0
fang6/_2013-12-02_2_1_0_0_3	6	24	4.0
fang6/_2013-12-02_2_1_0_0_1	7	71	10.1428571429
fang6/_2013-12-02_1_4_0_0_0	4	30	7.5
fang6/_2013-12-02_2_1_0_0_4	4	11	2.75
fang3/_2013-12-07_1_3_0_0_0	33	218	6.60606060606
fang7/_2013-12-02_2_1_0_0_3	1	2	2.0
fang7/_2013-12-02_2_1_0_0_2	5	51	10.2
fang7/_2013-12-02_2_1_0_0_1	1	9	9.0
fang10/_2013-12-05_1_4_0_0_0	2	18	9.0
fang7/_2013-12-02_2_1_0_0_4	1	3	3.0
fang10/_2013-12-07_3_1_0_0_0	3	59	19.6666666667
fang9/_2013-12-07_2_1_0_1_1	1	5	5.0
fang5/_2013-12-05_1_2_0_0_0	302	1411	4.67218543046
fang1/_2013-12-01_1_1_0_1_0	152	1011	6.65131578947
fang5/_2013-12-05_1_3_0_1_0	379	2158	5.69393139842
fang1/_2013-12-06_2_1_0_0_1	201	1284	6.38805970149
fang1/_2013-12-06_2_1_0_0_3	224	1209	5.39732142857
fang1/_2013-12-06_2_1_0_0_2	228	1516	6.64912280702
fang1/_2013-12-06_2_1_0_0_4	217	1193	5.49769585253
2013-12-02_1_2_0_0_0	718	4562	6.35376044568
fang11/_2013-12-02_1_4_0_1_0	3	21	7.0
fang3/_2013-12-05_1_4_0_0_0	25	65	2.6
fang8/_2013-12-06_1_1_0_0_0	4	24	6.0
fang4/_2013-12-07_2_1_0_0_4	1	3	3.0
fang7/_2013-12-07_1_1_0_1_0	3	9	3.0
fang4/_2013-12-07_2_1_0_0_3	2	4	2.0
fang1/_2013-12-01_2_1_0_0_2	143	824	5.76223776224
fang1/_2013-12-01_2_1_0_0_3	152	950	6.25
fang5/_2013-12-07_1_4_0_0_0	234	916	3.91452991453
fang1/_2013-12-01_2_1_0_0_1	158	1102	6.9746835443
fang1/_2013-12-01_2_1_0_0_4	182	989	5.43406593407
fang2/_2013-12-07_2_1_1_1_3	2	33	16.5
fang7/_2013-12-02_3_1_0_1_0	5	11	2.2
fang5/_2013-12-06_1_2_0_1_0	305	1342	4.4
fang11/_2013-12-05_2_1_1_0_4	1	2	2.0
/fang/fang5/detail	30844	146885	4.76219037738
fang1/_2013-12-07_1_4_0_1_0	144	1016	7.05555555556
fang8/_2013-12-07_2_1_0_1_3	1	2	2.0
fang8/_2013-12-04_1_3_0_0_0	1	2	2.0
fang9/_2013-12-06_2_1_0_0_2	1	22	22.0
fang7/_2013-12-05_1_3_0_0_0	2	24	12.0
fang4/_2013-12-01_3_1_0_0_0	1	5	5.0
fang10/_2013-12-02_1_1_0_0_0	2	125	62.5
/archive/fang/fang8/detail	58	395	6.81034482759
fang8/_2013-12-01_2_1_0_1_4	1	2	2.0
fang8/_2013-12-03_1_3_0_1_0	2	39	19.5
fang3/_2013-12-07_2_1_1_0_3	12	113	9.41666666667
fang3/_2013-12-04_1_2_0_0_0	43	175	4.06976744186
fang3/_2013-12-07_2_1_1_0_1	11	211	19.1818181818
fang3/_2013-12-07_2_1_1_0_4	10	23	2.3
fang4/_2013-12-07_1_4_0_0_0	1	4	4.0
fang2/_2013-12-04_3_1_0_1_0	2	19	9.5
2013-12-07_1_4_0_0_0	493	2705	5.48681541582
fang5/_2013-12-07_2_1_1_0_1	131	737	5.62595419847
fang5/_2013-12-07_2_1_1_0_3	107	746	6.97196261682
fang5/_2013-12-07_2_1_1_0_2	133	712	5.35338345865
fang5/_2013-12-02_1_1_0_1_0	416	1631	3.92067307692
fang2/_2013-12-07_2_1_0_0_3	3	13	4.33333333333
fang2/_2013-12-07_2_1_0_0_2	2	9	4.5
fang2/_2013-12-07_2_1_0_0_1	1	2	2.0
fang2/_2013-12-07_2_1_0_0_4	1	2	2.0
fang1/_2013-12-05_1_4_0_0_0	224	1321	5.89732142857
fang1/_2013-12-02_2_1_0_0_4	221	955	4.32126696833
fang7/_2013-12-06_2_1_0_0_4	3	18	6.0
fang1/_2013-12-02_2_1_0_0_1	232	1486	6.40517241379
fang7/_2013-12-06_2_1_0_0_2	2	7	3.5
fang1/_2013-12-02_2_1_0_0_3	218	1318	6.04587155963
fang1/_2013-12-02_2_1_0_0_2	203	1491	7.34482758621
2013-12-05_2_1_1_1_1	16	181	11.3125
2013-12-05_2_1_1_1_2	16	153	9.5625
2013-12-05_2_1_1_1_3	25	297	11.88
2013-12-05_2_1_1_1_4	21	250	11.9047619048
fang2/_2013-12-01_3_1_0_0_0	4	78	19.5
fang1/_2013-12-04_1_4_0_0_0	223	1651	7.40358744395
fang6/_2013-12-06_2_1_0_0_4	3	7	2.33333333333
fang6/_2013-12-06_2_1_0_0_2	3	9	3.0
fang6/_2013-12-06_2_1_0_0_3	2	5	2.5
fang6/_2013-12-06_2_1_0_0_1	4	30	7.5
fang3/_2013-12-04_2_1_0_1_4	8	25	3.125
fang8/_2013-12-07_2_1_0_0_1	1	5	5.0
fang7/_2013-12-02_1_4_0_1_0	2	5	2.5
fang3/_2013-12-04_2_1_0_1_1	10	12	1.2
fang3/_2013-12-04_2_1_0_1_2	11	54	4.90909090909
/fang/fang9/detail	32	234	7.3125
fang8/_2013-12-07_2_1_0_0_3	1	2	2.0
2013-12-01_3_1_0_1_0	983	5717	5.81586978637
2013-12-02_2_1_0_0_3	588	3820	6.49659863946
2013-12-02_2_1_0_0_2	544	3924	7.21323529412
2013-12-02_2_1_0_0_1	569	3520	6.18629173989
fang5/_2013-12-07_2_1_0_0_2	146	737	5.04794520548
2013-12-02_2_1_0_0_4	556	2962	5.3273381295
fang6/_2013-12-04_2_1_1_1_2	3	72	24.0
fang6/_2013-12-04_2_1_1_1_4	2	20	10.0
2013-12-02_1_3_0_1_0	700	3808	5.44
fang7/_2013-12-07_3_1_0_0_0	4	19	4.75
fang10/_2013-12-01_2_1_0_1_1	1	38	38.0
/global/fang/list	159	4671	29.3773584906
fang5/_2013-12-06_2_1_1_0_4	78	400	5.12820512821
fang3/_2013-12-06_3_1_0_0_0	52	347	6.67307692308
fang1/_2013-12-02_1_4_0_0_0	240	1677	6.9875
fang5/_2013-12-06_2_1_1_0_1	117	487	4.16239316239
fang5/_2013-12-06_2_1_1_0_2	113	552	4.88495575221
fang5/_2013-12-06_2_1_1_0_3	104	618	5.94230769231
fang11/_2013-12-03_2_1_1_0_1	1	13	13.0
fang11/_2013-12-03_2_1_1_0_2	1	2	2.0
fang11/_2013-12-03_2_1_1_0_4	1	7	7.0
fang5/_2013-12-03_2_1_0_1_1	238	864	3.63025210084
fang5/_2013-12-03_2_1_0_1_3	230	1436	6.24347826087
fang5/_2013-12-03_2_1_0_1_2	217	988	4.55299539171
fang5/_2013-12-03_2_1_0_1_4	222	1176	5.2972972973
fang5/_2013-12-03_1_2_0_1_0	357	1668	4.67226890756
fang8/_2013-12-07_1_2_0_0_0	1	2	2.0
2013-12-01_1_1_0_1_0	504	3354	6.65476190476
fang1/_2013-12-03_1_2_0_1_0	204	1179	5.77941176471
fang12/_2013-12-04_1_4_0_1_0	10	56	5.6
/fang/fang7/list	288	6019	20.8993055556
fang1/_2013-12-06_2_1_0_1_2	71	369	5.19718309859
fang6/_2013-12-05_1_1_0_1_0	4	20	5.0
fang5/_2013-12-05_2_1_1_1_2	3	9	3.0
fang5/_2013-12-05_2_1_1_1_3	12	177	14.75
fang5/_2013-12-05_2_1_1_1_1	5	30	6.0
fang5/_2013-12-05_2_1_1_1_4	12	143	11.9166666667
fang10/_2013-12-06_1_3_0_0_0	1	43	43.0
fang5/_2013-12-04_2_1_0_1_2	178	1043	5.8595505618
fang5/_2013-12-04_2_1_0_1_3	246	1309	5.32113821138
fang5/_2013-12-04_2_1_0_1_1	209	911	4.35885167464
fang5/_2013-12-04_2_1_0_1_4	186	920	4.94623655914
fang10/_2013-12-03_2_1_1_0_4	5	31	6.2
fang1/_2013-12-06_2_1_1_0_1	86	439	5.10465116279
fang1/_2013-12-06_2_1_1_0_2	75	364	4.85333333333
fang1/_2013-12-06_2_1_1_0_3	80	255	3.1875
fang1/_2013-12-06_2_1_1_0_4	75	384	5.12
fang7/_2013-12-07_2_1_0_1_3	2	20	10.0
fang5/_2013-12-01_3_1_0_0_0	783	3310	4.22733077905
fang1/_2013-12-03_2_1_0_1_4	60	277	4.61666666667
fang1/_2013-12-03_2_1_0_1_1	73	393	5.38356164384
fang1/_2013-12-03_2_1_0_1_3	69	364	5.27536231884
fang1/_2013-12-03_2_1_0_1_2	64	354	5.53125
2013-12-07_1_1_0_0_0	563	3407	6.05150976909
fang6/_2013-12-04_2_1_1_0_1	4	9	2.25
fang8/_2013-12-04_1_3_0_1_0	5	30	6.0
fang6/_2013-12-04_2_1_1_0_2	1	6	6.0
fang6/_2013-12-04_2_1_1_0_4	3	6	2.0
fang4/_2013-12-03_2_1_1_0_4	1	4	4.0
fang2/_2013-12-03_3_1_0_1_0	3	48	16.0
fang5/_2013-12-05_1_4_0_1_0	332	1434	4.31927710843
fang5/_2013-12-07_2_1_0_1_4	191	764	4.0
fang2/_2013-12-02_1_2_0_0_0	1	3	3.0
fang5/_2013-12-07_2_1_0_1_1	172	815	4.73837209302
fang5/_2013-12-07_2_1_0_1_3	161	956	5.93788819876
fang5/_2013-12-07_2_1_0_1_2	157	701	4.46496815287
fang2/_2013-12-05_3_1_0_1_0	1	3	3.0
fang5/_2013-12-05_2_1_0_1_3	224	899	4.01339285714
fang5/_2013-12-05_2_1_0_1_2	202	1012	5.0099009901
fang5/_2013-12-05_2_1_0_1_1	212	1069	5.04245283019
fang8/_2013-12-03_2_1_0_1_2	1	2	2.0
fang5/_2013-12-05_2_1_0_1_4	187	963	5.14973262032
fang9/_2013-12-07_3_1_0_0_0	2	14	7.0
fang12/_2013-12-06_2_1_1_0_3	5	24	4.8
fang11/_2013-12-02_1_2_0_0_0	1	21	21.0
fang12/_2013-12-06_2_1_1_0_2	7	60	8.57142857143
fang1/_2013-12-03_1_1_0_1_0	214	1312	6.1308411215
fang4/_2013-12-04_2_1_0_0_2	2	5	2.5
fang12/_2013-12-04_3_1_0_0_0	60	521	8.68333333333
fang4/_2013-12-04_2_1_0_0_1	3	11	3.66666666667
fang11/_2013-12-04_3_1_0_0_0	1	2	2.0
fang1/_2013-12-04_1_1_0_0_0	281	1975	7.02846975089
fang1/_2013-12-04_3_1_0_1_0	301	1516	5.0365448505
fang12/_2013-12-05_3_1_0_1_0	34	239	7.02941176471
fang12/_2013-12-04_2_1_0_1_1	20	75	3.75
fang12/_2013-12-04_2_1_0_1_3	15	79	5.26666666667
fang12/_2013-12-04_2_1_0_1_2	12	76	6.33333333333
fang12/_2013-12-04_2_1_0_1_4	13	64	4.92307692308
fang12/_2013-12-06_1_1_0_1_0	5	66	13.2
fang1/_2013-12-06_1_3_0_1_0	165	657	3.98181818182
2013-12-04_2_1_1_1_1	15	124	8.26666666667
2013-12-04_2_1_1_1_3	15	221	14.7333333333
2013-12-04_2_1_1_1_2	20	241	12.05
2013-12-04_2_1_1_1_4	18	201	11.1666666667
fang4/_2013-12-02_1_4_0_1_0	1	8	8.0
/fang/404_page	18863	94108	4.98902613582
fang5/_2013-12-03_1_4_0_0_0	327	1472	4.50152905199
fang8/_2013-12-07_1_4_0_1_0	2	8	4.0
fang4/_2013-12-06_1_4_0_1_0	1	9	9.0
fang8/_2013-12-07_1_3_0_0_0	2	31	15.5
fang4/_2013-12-06_2_1_0_0_1	1	10	10.0
fang4/_2013-12-06_2_1_0_0_3	1	2	2.0
fang12/_2013-12-03_1_1_0_1_0	15	58	3.86666666667
fang7/_2013-12-06_1_2_0_0_0	2	14	7.0
fang3/_2013-12-02_1_1_0_0_0	49	345	7.04081632653
fang12/_2013-12-04_1_3_0_0_0	16	83	5.1875
fang3/_2013-12-06_1_2_0_0_0	37	450	12.1621621622
fang12/_2013-12-05_1_4_0_0_0	22	130	5.90909090909
fang3/_2013-12-03_1_1_0_0_0	54	367	6.7962962963
fang5/_2013-12-01_1_1_0_0_0	302	1689	5.59271523179
fang5/_2013-12-02_1_2_0_1_0	408	2442	5.98529411765
fang2/_2013-12-01_1_1_0_0_0	1	4	4.0
fang7/_2013-12-05_1_2_0_1_0	2	27	13.5
fang12/_2013-12-06_3_1_0_1_0	27	150	5.55555555556
2013-12-04_2_1_0_1_1	371	1910	5.14824797844
2013-12-04_2_1_0_1_2	333	2339	7.02402402402
fang7/_2013-12-01_1_4_0_1_0	2	6	3.0
2013-12-04_2_1_0_1_4	316	2120	6.70886075949
fang11/_2013-12-03_2_1_0_1_1	2	7	3.5
fang8/_2013-12-06_2_1_1_1_4	1	9	9.0
fang12/_2013-12-04_3_1_0_1_0	23	134	5.82608695652
fang7/_2013-12-06_2_1_1_1_4	1	17	17.0
fang4/_2013-12-04_2_1_0_1_2	1	3	3.0
fang7/_2013-12-03_3_1_0_1_0	2	26	13.0
fang1/_2013-12-05_2_1_0_1_4	68	568	8.35294117647
fang1/_2013-12-05_2_1_0_1_3	73	386	5.28767123288
fang1/_2013-12-05_2_1_0_1_2	70	551	7.87142857143
fang1/_2013-12-05_3_1_0_1_0	326	1887	5.78834355828
fang9/_2013-12-04_3_1_0_1_0	1	11	11.0
/fang/jingjiren/fang1_list	22	238	10.8181818182
fang3/_2013-12-04_1_1_0_1_0	26	90	3.46153846154
fang1/_2013-12-07_2_1_1_0_1	124	1056	8.51612903226
fang1/_2013-12-07_2_1_1_0_3	93	575	6.18279569892
fang1/_2013-12-07_2_1_1_0_2	94	541	5.75531914894
fang12/_2013-12-04_1_2_0_0_0	16	97	6.0625
fang1/_2013-12-07_2_1_1_0_4	115	1062	9.2347826087
fang8/_2013-12-02_1_1_0_1_0	3	53	17.6666666667
fang6/_2013-12-03_2_1_0_0_2	3	23	7.66666666667
/archive/fang/fang2/detail	54	430	7.96296296296
2013-12-07_2_1_0_1_1	279	1781	6.3835125448
fang3/_2013-12-05_1_1_0_1_0	28	347	12.3928571429
fang6/_2013-12-06_1_3_0_1_0	3	14	4.66666666667
fang7/_2013-12-03_1_2_0_0_0	3	32	10.6666666667
2013-12-01_1_4_0_1_0	473	3429	7.24947145877
fang8/_2013-12-03_2_1_1_0_1	1	3	3.0
fang8/_2013-12-03_2_1_1_0_2	1	10	10.0
fang8/_2013-12-03_2_1_1_0_3	1	2	2.0
fang10/_2013-12-07_1_3_0_1_0	1	2	2.0
fang1/_2013-12-04_2_1_1_0_4	130	951	7.31538461538
fang1/_2013-12-04_2_1_1_0_2	115	556	4.8347826087
fang1/_2013-12-04_2_1_1_0_3	125	784	6.272
fang1/_2013-12-04_2_1_1_0_1	111	646	5.81981981982
fang5/_2013-12-02_2_1_1_1_1	9	116	12.8888888889
fang5/_2013-12-02_2_1_1_1_3	10	82	8.2
fang5/_2013-12-02_2_1_1_1_2	10	43	4.3
fang5/_2013-12-02_2_1_1_1_4	8	27	3.375
fang11/_2013-12-07_1_2_0_0_0	1	3	3.0
fang2/_2013-12-05_2_1_0_0_4	4	38	9.5
fang2/_2013-12-05_2_1_0_0_3	1	3	3.0
fang2/_2013-12-05_2_1_0_0_2	2	8	4.0
fang6/_2013-12-07_1_2_0_0_0	3	11	3.66666666667
fang6/_2013-12-04_2_1_0_0_1	3	46	15.3333333333
fang6/_2013-12-04_2_1_0_0_2	4	19	4.75
fang6/_2013-12-04_2_1_0_0_3	6	17	2.83333333333
fang6/_2013-12-04_2_1_0_0_4	4	54	13.5
/pub/detail_fill/fang/fang11	1	2	2.0
fang1/_2013-12-04_2_1_0_1_4	70	555	7.92857142857
fang1/_2013-12-04_2_1_0_1_2	73	573	7.84931506849
fang1/_2013-12-04_2_1_0_1_3	82	629	7.67073170732
fang1/_2013-12-04_2_1_0_1_1	92	499	5.42391304348
fang7/_2013-12-05_2_1_0_0_1	4	23	5.75
fang7/_2013-12-05_2_1_0_0_2	1	2	2.0
fang7/_2013-12-05_2_1_0_0_3	1	4	4.0
fang7/_2013-12-05_2_1_0_0_4	2	23	11.5
fang10/_2013-12-03_3_1_0_0_0	1	3	3.0
fang7/_2013-12-01_2_1_0_1_4	1	2	2.0
fang7/_2013-12-01_2_1_0_1_3	1	2	2.0
/fang/xiaoqu/detail	6701	94532	14.1071481868
2013-12-06_3_1_0_0_0	1556	7756	4.98457583548
fang6/_2013-12-03_2_1_0_0_3	5	47	9.4
fang4/_2013-12-02_2_1_0_0_1	3	11	3.66666666667
fang6/_2013-12-03_2_1_0_0_1	3	16	5.33333333333
fang4/_2013-12-02_2_1_0_0_3	1	3	3.0
fang6/_2013-12-03_2_1_0_0_4	4	11	2.75
fang3/_2013-12-07_2_1_0_0_2	18	56	3.11111111111
fang3/_2013-12-07_2_1_0_0_3	27	407	15.0740740741
fang3/_2013-12-07_2_1_0_0_1	26	260	10.0
fang3/_2013-12-07_1_4_0_0_0	28	111	3.96428571429
fang3/_2013-12-07_2_1_0_0_4	32	218	6.8125
fang12/_2013-12-04_2_1_1_0_1	10	57	5.7
fang12/_2013-12-04_2_1_1_0_3	18	102	5.66666666667
fang12/_2013-12-04_2_1_1_0_2	26	119	4.57692307692
fang12/_2013-12-04_2_1_1_0_4	17	85	5.0
fang1/_2013-12-02_1_1_0_1_0	216	1214	5.62037037037
fang9/_2013-12-05_3_1_0_1_0	1	8	8.0
fang9/_2013-12-03_2_1_0_0_3	1	4	4.0
fang9/_2013-12-03_1_2_0_0_0	1	4	4.0
fang11/_2013-12-07_3_1_0_1_0	1	3	3.0
fang6/_2013-12-06_1_2_0_0_0	3	48	16.0
/fang/fang3/search	13	193	14.8461538462
fang11/_2013-12-01_3_1_0_0_0	1	2	2.0
fang5/_2013-12-04_2_1_1_1_3	2	6	3.0
fang5/_2013-12-04_2_1_1_1_2	8	81	10.125
fang5/_2013-12-04_2_1_1_1_1	8	38	4.75
2013-12-05_2_1_0_0_3	585	3110	5.31623931624
2013-12-05_2_1_0_0_4	597	3519	5.89447236181
fang5/_2013-12-04_2_1_1_1_4	7	23	3.28571428571
fang12/_2013-12-07_1_2_0_0_0	8	28	3.5
fang4/_2013-12-03_1_4_0_0_0	1	2	2.0
/fang/jingjiren/index	74	1181	15.9594594595
2013-12-04_1_2_0_1_0	644	4139	6.42701863354
fang1/_2013-12-07_1_4_0_0_0	171	997	5.83040935673
fang3/_2013-12-02_1_2_0_1_0	24	179	7.45833333333
fang12/_2013-12-03_1_4_0_1_0	9	40	4.44444444444
fang5/_2013-12-02_2_1_1_0_1	140	552	3.94285714286
fang5/_2013-12-02_2_1_1_0_2	152	770	5.06578947368
fang5/_2013-12-02_2_1_1_0_3	162	840	5.18518518519
fang5/_2013-12-02_2_1_1_0_4	131	682	5.20610687023
fang9/_2013-12-06_2_1_1_1_3	1	3	3.0
fang11/_2013-12-01_2_1_0_1_4	1	66	66.0
fang11/_2013-12-01_2_1_0_1_3	1	4	4.0
fang11/_2013-12-01_2_1_0_1_2	1	4	4.0
fang12/_2013-12-03_2_1_1_0_2	11	48	4.36363636364
fang12/_2013-12-03_2_1_1_0_3	12	61	5.08333333333
fang12/_2013-12-03_2_1_1_0_1	17	97	5.70588235294
fang12/_2013-12-03_2_1_1_0_4	21	171	8.14285714286
fang2/_2013-12-04_2_1_1_0_4	2	7	3.5
fang2/_2013-12-04_2_1_1_0_1	1	29	29.0
fang2/_2013-12-04_2_1_1_0_2	1	24	24.0
fang1/_2013-12-07_2_1_0_1_3	57	427	7.49122807018
2013-12-01_1_2_0_0_0	518	3329	6.42664092664
fang7/_2013-12-01_1_1_0_1_0	1	3	3.0
fang7/_2013-12-05_2_1_1_0_2	3	12	4.0
fang7/_2013-12-05_2_1_1_0_4	1	27	27.0
2013-12-06_1_3_0_0_0	572	3361	5.87587412587
fang1/_2013-12-07_2_1_0_1_1	61	502	8.22950819672
2013-12-03_3_1_0_1_0	1229	6626	5.39137510171
fang1/_2013-12-07_2_1_0_1_2	61	445	7.29508196721
fang1/_2013-12-07_2_1_0_1_4	51	300	5.88235294118
fang7/_2013-12-02_1_3_0_1_0	1	2	2.0
/self_promotion/fang/zizhu_duankou/detail	2	5	2.5
fang4/_2013-12-06_1_2_0_0_0	2	4	2.0
fang2/_2013-12-06_2_1_0_0_2	2	97	48.5
fang2/_2013-12-06_2_1_0_0_3	2	12	6.0
fang6/_2013-12-03_2_1_1_1_1	1	3	3.0
fang2/_2013-12-06_2_1_0_0_4	1	3	3.0
fang3/_2013-12-03_2_1_0_0_4	37	183	4.94594594595
fang3/_2013-12-03_2_1_0_0_2	44	248	5.63636363636
fang3/_2013-12-03_2_1_0_0_3	51	234	4.58823529412
fang3/_2013-12-03_2_1_0_0_1	36	97	2.69444444444
fang1/_2013-12-05_2_1_1_0_4	68	488	7.17647058824
fang1/_2013-12-05_2_1_1_0_3	81	459	5.66666666667
fang1/_2013-12-05_2_1_1_0_2	94	397	4.22340425532
fang1/_2013-12-05_2_1_1_0_1	101	657	6.50495049505
fang8/_2013-12-01_3_1_0_0_0	3	9	3.0
fang6/_2013-12-07_3_1_0_1_0	2	8	4.0
/fang/fang6/detail	319	3240	10.1567398119
fang8/_2013-12-02_1_3_0_0_0	2	46	23.0
fang3/_2013-12-01_2_1_1_1_2	2	4	2.0
fang8/_2013-12-02_1_4_0_1_0	2	44	22.0
fang3/_2013-12-01_2_1_1_1_4	1	8	8.0
fang8/_2013-12-04_3_1_0_1_0	6	60	10.0
fang5/_2013-12-06_1_1_0_1_0	323	1692	5.23839009288
fang10/_2013-12-04_3_1_0_0_0	3	10	3.33333333333
fang6/_2013-12-07_2_1_0_0_4	2	16	8.0
fang6/_2013-12-07_2_1_0_0_3	4	20	5.0
fang6/_2013-12-07_2_1_0_0_2	4	17	4.25
fang6/_2013-12-07_2_1_0_0_1	4	18	4.5
fang12/_2013-12-03_1_2_0_0_0	17	101	5.94117647059
fang8/_2013-12-02_2_1_0_1_4	1	11	11.0
fang8/_2013-12-02_2_1_0_1_3	2	4	2.0
2013-12-05_2_1_0_0_1	622	3517	5.65434083601
fang12/_2013-12-06_1_4_0_0_0	12	48	4.0
fang8/_2013-12-05_1_3_0_1_0	2	22	11.0
2013-12-05_2_1_0_0_2	618	3703	5.99190938511
/fang/jingjiren/fang5_list	13	159	12.2307692308
fang12/_2013-12-01_1_1_0_0_0	13	71	5.46153846154
fang6/_2013-12-05_2_1_0_1_1	6	24	4.0
fang6/_2013-12-05_2_1_0_1_2	2	9	4.5
fang6/_2013-12-05_2_1_0_1_3	3	8	2.66666666667
fang6/_2013-12-05_2_1_0_1_4	2	51	25.5
fang3/_2013-12-03_2_1_1_1_3	3	86	28.6666666667
fang11/_2013-12-04_1_3_0_0_0	2	7	3.5
fang3/_2013-12-03_2_1_1_1_1	2	70	35.0
fang7/_2013-12-04_1_2_0_0_0	4	16	4.0
fang9/_2013-12-04_2_1_1_0_3	1	4	4.0
fang10/_2013-12-04_1_1_0_0_0	2	11	5.5
fang5/_2013-12-06_2_1_0_0_1	252	904	3.5873015873
fang5/_2013-12-06_2_1_0_0_3	227	1233	5.43171806167
fang5/_2013-12-06_2_1_0_0_2	247	1181	4.78137651822
fang1/_2013-12-07_3_1_0_1_0	274	1547	5.64598540146
fang5/_2013-12-02_1_3_0_0_0	337	1550	4.59940652819
2013-12-06_1_4_0_0_0	601	3508	5.83693843594
2013-12-03_1_2_0_1_0	670	4573	6.82537313433
fang11/_2013-12-05_2_1_0_0_2	2	56	28.0
2013-12-02_3_1_0_0_0	1814	8847	4.87706725469
fang10/_2013-12-07_1_4_0_0_0	2	4	2.0
fang1/_2013-12-01_1_4_0_1_0	138	1212	8.78260869565
fang5/_2013-12-02_1_4_0_0_0	343	1628	4.74635568513
fang3/_2013-12-01_2_1_0_1_2	5	7	1.4
fang11/_2013-12-04_1_1_0_1_0	1	11	11.0
fang5/_2013-12-06_2_1_0_1_3	205	897	4.3756097561
fang1/_2013-12-06_3_1_0_0_0	480	2256	4.7
/fang/fang6/search	20	304	15.2
2013-12-06_1_2_0_0_0	573	3414	5.95811518325
fang6/_2013-12-05_1_3_0_0_0	2	13	6.5
fang12/_2013-12-01_3_1_0_0_0	42	250	5.95238095238
fang1/_2013-12-02_1_3_0_0_0	266	1903	7.15413533835
fang2/_2013-12-05_2_1_1_1_1	1	89	89.0
fang2/_2013-12-05_2_1_1_1_2	1	2	2.0
fang3/_2013-12-01_2_1_1_0_1	11	73	6.63636363636
fang3/_2013-12-01_2_1_1_0_3	13	69	5.30769230769
fang3/_2013-12-01_2_1_1_0_2	9	32	3.55555555556
fang3/_2013-12-01_2_1_1_0_4	12	56	4.66666666667
fang12/_2013-12-02_3_1_0_1_0	27	187	6.92592592593
fang3/_2013-12-06_2_1_1_1_4	1	7	7.0
fang6/_2013-12-07_1_4_0_1_0	2	11	5.5
fang7/_2013-12-01_1_3_0_0_0	1	8	8.0
/archive/fang/fang3/detail	1447	6641	4.58949550795
2013-12-07_3_1_0_1_0	1054	5598	5.31119544592
/picture/fang/fang1/detail	1	2	2.0
fang6/_2013-12-05_1_2_0_0_0	8	41	5.125
fang4/_2013-12-05_2_1_0_0_3	1	13	13.0
fang5/_2013-12-07_2_1_1_1_4	10	67	6.7
fang4/_2013-12-05_2_1_0_0_1	1	7	7.0
fang11/_2013-12-05_3_1_0_0_0	2	27	13.5
fang5/_2013-12-03_1_3_0_0_0	373	1376	3.6890080429
fang10/_2013-12-04_2_1_1_0_4	1	13	13.0
fang7/_2013-12-04_2_1_1_1_2	1	2	2.0
fang5/_2013-12-07_1_1_0_1_0	331	1879	5.67673716012
fang4/_2013-12-02_3_1_0_0_0	2	15	7.5
/fang/fang4/list	207	5427	26.2173913043
fang5/_2013-12-07_2_1_1_1_3	8	99	12.375
fang7/_2013-12-06_1_1_0_1_0	2	12	6.0
fang7/_2013-12-04_2_1_0_0_1	2	7	3.5
fang7/_2013-12-04_2_1_0_0_3	1	3	3.0
fang7/_2013-12-04_2_1_0_0_2	4	13	3.25
fang7/_2013-12-04_2_1_0_0_4	1	76	76.0
/fang/fang3/list	387	13026	33.6589147287
fang4/_2013-12-03_2_1_0_0_1	1	2	2.0
fang6/_2013-12-06_2_1_0_1_3	2	11	5.5
fang5/_2013-12-06_1_4_0_1_0	346	1490	4.3063583815
fang6/_2013-12-06_2_1_0_1_2	2	7	3.5
fang12/_2013-12-07_2_1_0_1_1	7	31	4.42857142857
fang8/_2013-12-04_2_1_1_0_3	1	3	3.0
fang8/_2013-12-04_2_1_1_0_2	1	13	13.0
fang7/_2013-12-03_1_3_0_0_0	1	2	2.0
2013-12-05_1_2_0_1_0	661	4220	6.38426626324
fang6/_2013-12-05_2_1_1_0_1	1	4	4.0
fang6/_2013-12-05_2_1_1_0_2	1	6	6.0
fang6/_2013-12-05_2_1_1_0_3	2	6	3.0
fang6/_2013-12-05_2_1_1_0_4	1	3	3.0
/fang/fang10/detail	119	1140	9.57983193277
2013-12-04_1_1_0_1_0	698	3791	5.43123209169
fang10/_2013-12-03_1_2_0_1_0	1	2	2.0
fang6/_2013-12-01_3_1_0_1_0	2	16	8.0
fang7/_2013-12-07_3_1_0_1_0	4	98	24.5
2013-12-01_2_1_1_1_4	9	136	15.1111111111
fang11/_2013-12-06_1_4_0_0_0	2	56	28.0
fang10/_2013-12-03_1_3_0_0_0	2	13	6.5
2013-12-01_2_1_1_1_1	12	164	13.6666666667
2013-12-01_2_1_1_1_2	16	140	8.75
2013-12-01_2_1_1_1_3	17	134	7.88235294118
fang8/_2013-12-07_2_1_0_1_2	1	24	24.0
fang12/_2013-12-03_2_1_0_1_2	12	118	9.83333333333
fang12/_2013-12-03_2_1_0_1_3	19	113	5.94736842105
fang12/_2013-12-03_2_1_0_1_1	15	69	4.6
fang12/_2013-12-03_2_1_0_1_4	14	86	6.14285714286
fang8/_2013-12-07_2_1_0_1_4	1	4	4.0
fang2/_2013-12-07_3_1_0_0_0	1	2	2.0
fang10/_2013-12-05_1_2_0_1_0	1	7	7.0
fang5/_2013-12-06_2_1_0_0_4	215	849	3.9488372093
fang2/_2013-12-02_1_3_0_0_0	1	2	2.0
fang2/_2013-12-03_1_4_0_1_0	3	16	5.33333333333
fang5/_2013-12-07_3_1_0_1_0	618	2628	4.25242718447
fang5/_2013-12-03_2_1_1_1_2	12	56	4.66666666667
fang12/_2013-12-05_2_1_0_1_3	18	92	5.11111111111
fang2/_2013-12-03_2_1_1_0_4	1	2	2.0
fang2/_2013-12-03_2_1_1_0_3	2	28	14.0
fang2/_2013-12-03_2_1_1_0_1	1	9	9.0
fang10/_2013-12-07_2_1_0_1_4	1	2	2.0
fang10/_2013-12-07_2_1_0_1_1	2	17	8.5
fang10/_2013-12-07_2_1_0_1_2	2	14	7.0
fang10/_2013-12-07_2_1_0_1_3	1	7	7.0
fang10/_2013-12-05_3_1_0_1_0	1	3	3.0
fang10/_2013-12-03_2_1_0_0_1	2	40	20.0
fang10/_2013-12-03_2_1_0_0_3	4	25	6.25
fang10/_2013-12-03_2_1_0_0_2	4	18	4.5
fang10/_2013-12-03_2_1_0_0_4	3	26	8.66666666667
2013-12-05_1_1_0_0_0	768	4688	6.10416666667
2013-12-03_1_4_0_0_0	706	3968	5.62039660057
fang7/_2013-12-04_3_1_0_0_0	5	54	10.8
fang12/_2013-12-03_1_3_0_0_0	23	108	4.69565217391
/archive/fang/fang4/detail	18	119	6.61111111111
fang5/_2013-12-04_1_3_0_0_0	354	1785	5.04237288136
fang8/_2013-12-01_1_4_0_0_0	1	2	2.0
fang11/_2013-12-06_1_3_0_1_0	2	4	2.0
fang6/_2013-12-07_1_3_0_0_0	6	35	5.83333333333
fang5/_2013-12-04_1_2_0_1_0	329	1599	4.86018237082
fang3/_2013-12-01_2_1_0_0_1	27	117	4.33333333333
fang3/_2013-12-01_2_1_0_0_2	21	66	3.14285714286
fang3/_2013-12-01_2_1_0_0_3	32	150	4.6875
fang3/_2013-12-01_2_1_0_0_4	18	102	5.66666666667
fang6/_2013-12-03_1_4_0_0_0	3	18	6.0
fang12/_2013-12-02_2_1_1_0_3	11	58	5.27272727273
fang12/_2013-12-02_2_1_1_0_2	18	66	3.66666666667
fang12/_2013-12-02_2_1_1_0_1	10	91	9.1
fang12/_2013-12-02_2_1_1_0_4	10	79	7.9
fang8/_2013-12-05_2_1_1_0_2	1	10	10.0
fang8/_2013-12-05_2_1_1_0_3	1	2	2.0
fang8/_2013-12-05_2_1_1_0_1	1	9	9.0
fang1/_2013-12-03_3_1_0_0_0	571	3089	5.40980735552
fang8/_2013-12-06_3_1_0_1_0	3	34	11.3333333333
2013-12-05_3_1_0_0_0	1719	9079	5.28155904596
fang3/_2013-12-06_2_1_0_0_3	41	272	6.63414634146
fang3/_2013-12-06_2_1_0_0_2	30	85	2.83333333333
fang3/_2013-12-06_2_1_0_0_1	40	338	8.45
fang7/_2013-12-04_1_3_0_1_0	1	2	2.0
fang3/_2013-12-06_2_1_0_0_4	34	108	3.17647058824
fang7/_2013-12-02_1_1_0_1_0	4	25	6.25
fang6/_2013-12-04_1_4_0_0_0	2	72	36.0
fang6/_2013-12-04_1_1_0_0_0	6	103	17.1666666667
fang8/_2013-12-02_1_1_0_0_0	3	171	57.0
fang12/_2013-12-04_1_1_0_1_0	10	48	4.8
fang5/_2013-12-01_1_2_0_1_0	271	1599	5.90036900369
fang9/_2013-12-06_1_4_0_0_0	1	25	25.0
fang3/_2013-12-03_1_2_0_0_0	43	256	5.95348837209
/fang/fang10/list	126	3248	25.7777777778
fang8/_2013-12-05_2_1_0_1_3	2	7	3.5
fang8/_2013-12-05_2_1_0_1_1	2	12	6.0
fang10/_2013-12-05_1_2_0_0_0	1	2	2.0
fang2/_2013-12-03_1_3_0_0_0	1	6	6.0
fang11/_2013-12-06_2_1_0_1_2	2	10	5.0
fang11/_2013-12-06_2_1_0_1_3	1	4	4.0
fang10/_2013-12-04_2_1_0_1_3	1	58	58.0
fang10/_2013-12-04_2_1_0_1_2	1	4	4.0
fang10/_2013-12-04_2_1_0_1_1	1	10	10.0
fang6/_2013-12-02_3_1_0_0_0	7	79	11.2857142857
fang1/_2013-12-01_1_3_0_1_0	127	573	4.51181102362
fang4/_2013-12-07_1_1_0_1_0	1	11	11.0
fang5/_2013-12-04_1_1_0_0_0	432	1924	4.4537037037
fang3/_2013-12-06_2_1_1_0_1	13	51	3.92307692308
fang12/_2013-12-02_1_2_0_0_0	20	147	7.35
fang11/_2013-12-02_2_1_0_0_1	1	11	11.0
fang11/_2013-12-02_2_1_0_0_3	1	4	4.0
fang11/_2013-12-02_2_1_0_0_2	2	14	7.0
fang11/_2013-12-02_2_1_0_0_4	3	86	28.6666666667
2013-12-03_1_1_0_0_0	855	5078	5.93918128655
2013-12-05_1_4_0_1_0	624	3689	5.91185897436
/self_promotion/fang/zizhu_dingxiang/detail	2	61	30.5
fang8/_2013-12-07_1_1_0_1_0	3	30	10.0
fang9/_2013-12-02_1_4_0_0_0	1	3	3.0
fang6/_2013-12-03_1_3_0_1_0	4	23	5.75
fang2/_2013-12-04_2_1_0_1_4	1	2	2.0
/fang/fang9/list	39	1076	27.5897435897
fang2/_2013-12-04_2_1_0_1_2	1	2	2.0
2013-12-03_2_1_0_0_2	497	2774	5.5814889336
/fang/fang2/detail	73	972	13.3150684932
fang2/_2013-12-06_1_3_0_1_0	1	5	5.0
fang11/_2013-12-03_3_1_0_1_0	2	165	82.5
fang10/_2013-12-02_2_1_1_1_3	1	16	16.0
fang1/_2013-12-04_1_4_0_1_0	211	941	4.45971563981
fang1/_2013-12-04_1_2_0_0_0	209	1134	5.42583732057
fang11/_2013-12-01_2_1_1_0_3	2	12	6.0
fang11/_2013-12-01_2_1_1_0_2	2	12	6.0
fang6/_2013-12-06_3_1_0_0_0	11	145	13.1818181818
fang3/_2013-12-06_2_1_1_1_3	1	2	2.0
fang3/_2013-12-06_2_1_1_1_2	1	4	4.0
fang10/_2013-12-01_1_1_0_0_0	3	18	6.0
fang10/_2013-12-01_1_4_0_0_0	1	2	2.0
fang6/_2013-12-04_1_2_0_1_0	2	10	5.0
fang11/_2013-12-06_2_1_1_0_2	1	2	2.0
fang8/_2013-12-06_1_3_0_1_0	6	139	23.1666666667
2013-12-06_1_1_0_0_0	671	3882	5.78539493294
fang2/_2013-12-03_2_1_0_1_4	2	10	5.0
fang2/_2013-12-03_2_1_0_1_1	1	2	2.0
fang7/_2013-12-04_3_1_0_1_0	3	77	25.6666666667
/fang/fang7/search	2	196	98.0
fang1/_2013-12-05_1_1_0_0_0	256	1807	7.05859375
fang3/_2013-12-02_2_1_0_0_4	33	123	3.72727272727
fang3/_2013-12-02_2_1_0_0_3	46	169	3.67391304348
fang3/_2013-12-02_2_1_0_0_2	44	350	7.95454545455
fang3/_2013-12-02_2_1_0_0_1	40	235	5.875
fang10/_2013-12-05_2_1_1_0_3	1	3	3.0
/fang/fang4/detail	63	598	9.49206349206
fang3/_2013-12-02_3_1_0_0_0	68	484	7.11764705882
fang11/_2013-12-05_1_1_0_0_0	1	2	2.0
fang11/_2013-12-02_1_1_0_1_0	3	20	6.66666666667
fang6/_2013-12-04_1_3_0_1_0	2	30	15.0
/archive/fang/fang10/detail	86	1014	11.7906976744
fang12/_2013-12-07_1_3_0_0_0	16	186	11.625
fang10/_2013-12-02_3_1_0_1_0	2	44	22.0
/fang/fang11/search	7	62	8.85714285714
2013-12-01_2_1_0_1_4	266	1793	6.74060150376
2013-12-01_2_1_0_1_1	284	2430	8.55633802817
2013-12-01_2_1_0_1_3	296	2152	7.27027027027
2013-12-01_2_1_0_1_2	276	1935	7.01086956522
fang9/_2013-12-06_3_1_0_0_0	1	72	72.0
fang1/_2013-12-03_1_3_0_0_0	225	1484	6.59555555556
fang5/_2013-12-01_2_1_1_0_4	133	749	5.63157894737
fang5/_2013-12-01_2_1_1_0_3	129	640	4.96124031008
fang5/_2013-12-01_2_1_1_0_2	124	625	5.04032258065
fang5/_2013-12-01_2_1_1_0_1	113	511	4.52212389381
