2013-12-06_/picture/fang/fang5/detail	80	249	3.1125
all	6246960	72610412	11.6233195026
2013-12-03_/fang/fang10/search	50	378	7.56
2013-12-06_/self_promotion/fang/guwen_jingjia/detail	16	60	3.75
2013-12-05_/fang/fang1/list	230345	3542349	15.3784497167
2013-12-02_/fang/fang6/list	60750	844181	13.8959835391
2013-12-07_/fang/jingjiren/fang3_list	31	143	4.61290322581
2013-12-02_/self_promotion/fang/list	920	2905	3.15760869565
2013-12-05_/self_promotion/fang/zizhu_duankou/detail	246	544	2.21138211382
2013-12-05_/fang/fang5/search	2335	19810	8.48394004283
2013-12-01_/self_promotion/fang/guwen_jingjia/detail	22	24	1.09090909091
2013-12-01_/fang/fang7/search	27	182	6.74074074074
2013-12-06_/fang/tool/calculator	149	751	5.04026845638
2013-12-05_/fang/xiaoqu/detail	35713	229536	6.42723938062
2013-12-03_/fang/jingjiren/fang5_list	144	575	3.99305555556
2013-12-03_/fang/jingjiren/fang9_list	6	13	2.16666666667
2013-12-07_/fang//zt	1	2	2.0
2013-12-03_/fang/fang4/search	1	9	9.0
2013-12-01_/fang/jingjiren/fang8_list	11	15	1.36363636364
2013-12-05_/fang/fang8/list	8874	129341	14.5752760874
2013-12-06_/fang/fang1/zt	858	5280	6.15384615385
2013-12-04_/fang/fang12/search	130	1072	8.24615384615
2013-12-01_/picture/fang/fang6/detail	19	161	8.47368421053
2013-12-02_/fang/fang1/zt	402	2359	5.86815920398
2013-12-01_/pub/detail_fill/fang/fang3	2271	10235	4.50682518714
2013-12-01_/pub/detail_fill/fang/fang2	311	2979	9.57877813505
2013-12-01_/pub/detail_fill/fang/fang1	15611	90584	5.8025751073
2013-12-06_/fang/404_page	12651	56150	4.43838431745
2013-12-01_/pub/detail_fill/fang/fang7	261	1060	4.06130268199
2013-12-01_/pub/detail_fill/fang/fang6	4637	19942	4.30062540436
2013-12-01_/pub/detail_fill/fang/fang5	5347	41125	7.69122872639
2013-12-01_/pub/detail_fill/fang/fang4	65	610	9.38461538462
2013-12-01_/pub/detail_fill/fang/fang9	25	179	7.16
2013-12-01_/pub/detail_fill/fang/fang8	503	3621	7.19880715706
2013-12-02_/fang/fang2/search	10	63	6.3
2013-12-02_/fang/fang12/detail	9423	33176	3.52074710814
2013-12-01_/fang/fang2/detail	847	5453	6.43801652893
2013-12-05_/fang/fang11/detail	2896	16381	5.65642265193
2013-12-02_/archive/fang/fang7/detail	534	1311	2.45505617978
2013-12-05_/picture/fang/fang6/detail	31	186	6.0
2013-12-06_/fang/jingjiren/fang8_list	13	106	8.15384615385
2013-12-01_/fang/fang12/detail	7457	26735	3.58522193912
2013-12-03_/fang/fang3/detail	10283	77283	7.51560828552
2013-12-06_/pub/detail_fill/fang/fang9	30	232	7.73333333333
2013-12-03_/fang/jingjiren/ziwojieshao	47	142	3.02127659574
2013-12-05_/fang/fang9/detail	580	2427	4.18448275862
2013-12-05_/fang/404_page	13677	61647	4.50734810265
2013-12-07_/fang/fang1/detail	37683	264553	7.02048669161
2013-12-07_/fang/fang4/list	6996	91313	13.0521726701
2013-12-07_/fang/fang6/detail	10636	56524	5.31440391124
2013-12-07_/fang/fang10/list	7108	77441	10.8949071469
2013-12-02_/fang/fang6/search	3654	37377	10.2290640394
2013-12-06_/fang/fang10/detail	1192	5666	4.7533557047
2013-12-03_/self_promotion/fang/guwen_shuaxin/detail	28	42	1.5
2013-11-30_/fang/fang12/list	1	9	9.0
2013-12-05_/pub/detail_fill/fang/fang12	1266	8608	6.79936808847
2013-12-06_/fang/jingjiren/fang12_list	19	66	3.47368421053
2013-12-05_/global/fang/list	12402	127030	10.2427027899
2013-12-07_/fang/jingjiren/index	1280	8940	6.984375
2013-12-02_/self_promotion/fang/zizhu_zhiding/detail	68	259	3.80882352941
2013-12-01_/fang/fang2/search	9	80	8.88888888889
2013-12-04_/fang/fang2/search	7	51	7.28571428571
2013-12-04_/archive/fang/fang7/detail	536	1522	2.83955223881
2013-12-02_/global/fang/list	13256	137635	10.3828455039
2013-12-06_/picture/fang/fang7/detail	15	105	7.0
2013-12-03_/fang/fang12/search	136	1211	8.90441176471
2013-12-06_/fang/fang1/search	2175	19820	9.11264367816
2013-12-02_/picture/fang/fang10/detail	1	1	1.0
2013-12-01_/fang/fang6/list	48952	650588	13.2903252165
2013-12-07_/fang/jingjiren/fang6_list	6	20	3.33333333333
2013-12-07_/self_promotion/fang/zizhu_zhiding/detail	61	145	2.37704918033
2013-12-01_/archive/fang/fang4/detail	20	130	6.5
2013-12-04_/archive/fang/fang1/detail	5638	20603	3.65431003902
2013-12-02_/fang/fang5/zt	2	4	2.0
2013-12-04_/archive/fang/fang11/detail	498	1282	2.57429718876
2013-12-04_/fang/fang7/search	47	508	10.8085106383
2013-12-07_/fang/fang9/search	13	28	2.15384615385
2013-12-07_/fang/fang7/detail	3196	13137	4.1104505632
2013-12-07_/self_promotion/fang/zizhu_duankou/detail	233	581	2.49356223176
2013-12-01_/self_promotion/fang/zizhu_dingxiang/detail	72	150	2.08333333333
2013-12-04_/fang/fang6/detail	13760	69072	5.01976744186
2013-12-06_/fang/fang10/list	7752	81590	10.5250257998
2013-12-02_/fang/fang11/search	290	1786	6.15862068966
2013-12-03_/fang/fang9/detail	471	1779	3.77707006369
2013-12-07_/self_promotion/fang/zizhu_fangxinfang/detail	52	108	2.07692307692
2013-12-05_/picture/fang/fang1/detail	46	393	8.54347826087
2013-12-05_/fang/jingjiren/fang9_list	3	8	2.66666666667
2013-12-06_/fang/fang2/search	16	110	6.875
2013-12-01_/fang/fang4/search	1	2	2.0
2013-12-02_/fang/jingjiren/fang1_list	120	555	4.625
2013-11-30_/fang/fang5/search	6	167	27.8333333333
2013-12-07_/self_promotion/fang/zizhu_dingxiang/detail	69	138	2.0
2013-12-01_/fang/jingjiren/fang5_list	135	649	4.80740740741
2013-12-06_/global/fang/list	11867	118623	9.99603943709
2013-12-04_/archive/fang/fang2/detail	129	545	4.22480620155
2013-12-05_/fang/fang8/search	192	1192	6.20833333333
2013-12-06_/fang/fang4/detail	632	3018	4.7753164557
2013-12-04_/fang/fang4/detail	535	3145	5.8785046729
2013-12-01_/picture/fang/fang10/detail	4	6	1.5
2013-12-06_/self_promotion/fang/zizhu_fangxinfang/detail	38	55	1.44736842105
2013-12-05_/picture/fang/fang12/detail	29	64	2.20689655172
2013-12-01_/fang/jingjiren/ziwojieshao	37	124	3.35135135135
2013-12-05_/fang/list	3	10	3.33333333333
2013-12-03_/picture/fang/fang10/detail	5	70	14.0
2013-12-02_/fang/xiaoqu/search	15	79	5.26666666667
2013-12-04_/picture/fang/fang10/detail	5	45	9.0
2013-12-07_/fang/fang1/list	198459	3202330	16.1359777082
2013-12-07_/self_promotion/fang/guwen_shuaxin/detail	14	15	1.07142857143
2013-12-07_/picture/fang/fang10/detail	6	6	1.0
2013-12-07_/fang/xiaoqu/detail	28708	189074	6.58610840184
2013-12-05_/fang/fang1/zt	827	4622	5.58887545345
2013-12-07_/fang/fang10/search	50	499	9.98
2013-12-03_/fang/jingjiren/index	1321	9658	7.31112793338
2013-12-05_/picture/fang/fang8/detail	6	36	6.0
2013-12-02_/fang/jingjiren/fang8_list	15	70	4.66666666667
2013-12-01_/picture/fang/fang11/detail	5	40	8.0
2013-12-05_/self_promotion/fang/guwen_shuaxin/detail	21	61	2.90476190476
2013-12-04_/fang/fang1/zt	871	5296	6.0803673938
2013-12-04_/pub/detail_fill/fang/fang10	1006	6310	6.27236580517
2013-12-04_/pub/detail_fill/fang/fang11	1507	8598	5.70537491705
2013-12-04_/pub/detail_fill/fang/fang12	1260	7890	6.2619047619
2013-11-30_/fang/fang9/list	1	1	1.0
2013-12-06_/fang/fang4/search	1	1	1.0
2013-12-07_/fang/fang2/search	10	65	6.5
2013-12-05_/fang/fang6/search	3656	36473	9.97620350109
2013-12-02_/fang/fang3/detail	10174	71306	7.00864949872
2013-12-06_/picture/fang/fang10/detail	6	9	1.5
2013-12-06_/fang/fang3/detail	9915	66543	6.71134644478
2013-12-07_/picture/fang/fang3/detail	12	167	13.9166666667
2013-12-04_/global/fang/list	13148	138718	10.5505019775
2013-12-04_/self_promotion/fang/zizhu_duankou/detail	246	495	2.01219512195
2013-12-05_/pub/detail_fill/fang/fang11	1514	8140	5.37648612946
2013-12-04_/picture/fang/fang3/detail	15	116	7.73333333333
2013-12-02_/site/fang/search	21031	153365	7.29233036945
2013-12-02_/archive/fang/fang3/audi/audi-a6l/detail	1	1	1.0
2013-12-04_/archive/fang/fang9/detail	59	88	1.49152542373
2013-12-02_/fang/fang5/detail	48001	277469	5.78048373992
2013-12-06_/pub/detail_fill/fang/fang2	356	3334	9.36516853933
2013-12-03_/archive/fang/fang6/detail	2271	6772	2.98194627917
2013-12-02_/archive/fang/fang12/detail	1	1	1.0
2013-12-04_/fang/fang5/zt	46	254	5.52173913043
2013-12-03_/fang/xiaoqu/search	27	352	13.037037037
2013-12-02_/fang/fang1/search	2433	23494	9.65639128648
2013-12-04_/fang/jingjiren/ziwojieshao	74	272	3.67567567568
2013-12-07_/fang/fang6/search	3079	31364	10.1864241637
2013-12-06_/self_promotion/fang/list	805	2624	3.25962732919
2013-12-07_/fang/fang3/search	189	1899	10.0476190476
2013-12-03_/pub/detail_fill/fang/fang11	1604	8593	5.3572319202
2013-12-03_/pub/detail_fill/fang/fang10	1043	5922	5.67785234899
2013-12-03_/fang/fang5/list	206150	2751528	13.3472131943
2013-12-03_/pub/detail_fill/fang/fang12	1160	8032	6.92413793103
2013-12-06_/fang/fang8/list	8335	118856	14.2598680264
2013-12-06_/fang/fang2/list	15273	206305	13.507824265
2013-12-04_/fang/fang7/detail	3866	16552	4.28142783238
2013-12-04_/picture/fang/fang11/detail	8	21	2.625
2013-12-02_/archive/fang/fang5/detail	6736	25660	3.8093824228
2013-12-05_/fang/fang5/list	208527	2806764	13.459954826
2013-11-30_/fang/fang1/search	3	20	6.66666666667
2013-12-04_/fang/fang6/list	61151	846685	13.8458079181
2013-12-06_/pub/detail_fill/fang/fang4	86	826	9.60465116279
2013-12-07_/fang/fang7/search	28	381	13.6071428571
2013-12-03_/fang/fang7/search	33	748	22.6666666667
2013-12-05_/self_promotion/fang/zizhu_zhiding/detail	58	154	2.65517241379
2013-12-03_/picture/fang/fang3/detail	15	90	6.0
2013-12-04_/fang/tool/calculator	182	1341	7.36813186813
2013-12-04_/fang/fang4/list	7313	94018	12.8562833311
2013-12-01_/fang/jingjiren/fang9_list	2	2	1.0
2013-12-04_/fang/fang9/list	1646	16328	9.91980558931
2013-12-05_/archive/fang/fang4/detail	27	76	2.81481481481
2013-12-04_/fang/fang5/list	205464	2734078	13.3068469416
2013-12-07_/fang/fang5/zt	120	788	6.56666666667
2013-12-05_/fang/fang2/detail	921	5939	6.44842562432
2013-12-01_/picture/fang/fang12/detail	20	56	2.8
2013-12-02_/fang/fang4/search	3	37	12.3333333333
2013-12-04_/fang/fang10/search	33	273	8.27272727273
2013-12-01_/fang/jingjiren/fang1_list	110	506	4.6
2013-12-07_/pub/detail_fill/fang/fang11	1110	5804	5.22882882883
2013-12-07_/pub/detail_fill/fang/fang10	880	5033	5.71931818182
2013-12-05_/fang/fang9/search	16	151	9.4375
2013-12-07_/pub/detail_fill/fang/fang12	1020	6931	6.79509803922
2013-12-02_/fang/fang8/list	8801	127632	14.5019884104
2013-12-03_/fang/list	1	3	3.0
2013-12-01_/fang/tool/calculator	144	1363	9.46527777778
2013-12-03_/fang/jingjiren/fang8_list	15	28	1.86666666667
2013-12-05_/self_promotion/fang/guwen_jingjia/detail	22	56	2.54545454545
2013-12-07_/archive/fang/fang2/detail	93	421	4.52688172043
2013-12-07_/fang/fang5/detail	41692	250098	5.99870478749
2013-12-02_/fang/jingjiren/fang3_list	35	80	2.28571428571
2013-12-01_/fang/fang7/detail	2810	11954	4.25409252669
2013-12-05_/picture/fang/fang5/detail	81	400	4.93827160494
2013-12-02_/fang/404_page	13486	61334	4.54797567848
2013-12-05_/archive/fang/fang10/detail	342	850	2.48538011696
2013-12-05_/fang/tool/calculator	195	1305	6.69230769231
2013-12-04_/fang//zt	1	5	5.0
2013-12-04_/fang/fang1/search	2447	23621	9.65304454434
2013-12-01_/self_promotion/fang/list	791	2332	2.94816687737
2013-12-06_/fang/fang7/search	41	441	10.756097561
2013-11-30_/fang/fang3/list	4	314	78.5
2013-11-30_/fang/fang5/list	14	229	16.3571428571
2013-12-02_/fang/fang1/detail	41685	275256	6.60323857503
2013-12-07_/picture/fang/fang8/detail	6	9	1.5
2013-11-30_/fang/index	1	12	12.0
2013-12-03_/fang/jingjiren/fang1_list	125	504	4.032
2013-12-06_/picture/fang/fang8/detail	3	12	4.0
2013-12-01_/picture/fang/fang1/detail	35	306	8.74285714286
2013-12-01_/fang/fang5/list	179093	2447244	13.6646546766
2013-12-04_/fang/fang10/detail	1269	6627	5.22222222222
2013-12-07_/fang/jingjiren/fang8_list	11	34	3.09090909091
2013-12-03_/fang/tool/calculator	174	808	4.64367816092
2013-11-30_/fang/fang12/detail	1	8	8.0
2013-12-06_/site/fang/search	19533	142386	7.2895100599
2013-12-02_/picture/fang/fang3/detail	12	117	9.75
2013-12-02_/pub/detail_fill/fang/fang8	1533	11840	7.72341813438
2013-12-02_/pub/detail_fill/fang/fang9	37	218	5.89189189189
2013-12-02_/pub/detail_fill/fang/fang4	90	554	6.15555555556
2013-12-02_/pub/detail_fill/fang/fang5	6669	49362	7.40170940171
2013-12-02_/pub/detail_fill/fang/fang6	6145	31458	5.11928397071
2013-12-02_/pub/detail_fill/fang/fang7	322	1568	4.86956521739
2013-12-02_/pub/detail_fill/fang/fang1	18625	107027	5.74641610738
2013-12-02_/pub/detail_fill/fang/fang2	404	3240	8.0198019802
2013-12-02_/pub/detail_fill/fang/fang3	2741	10822	3.94819408975
2013-12-03_/fang/fang5/search	2324	19143	8.23709122203
2013-12-03_/self_promotion/fang/zizhu_zhiding/detail	48	435	9.0625
2013-12-01_/fang/fang1/detail	34220	247964	7.24617182934
2013-11-30_/fang/xiaoqu/search	1	22	22.0
2013-12-01_/self_promotion/fang/guwen_shuaxin/detail	29	79	2.72413793103
2013-12-05_/fang/fang7/list	15992	202130	12.6394447224
2013-11-30_/fang/fang1/detail	31	751	24.2258064516
2013-12-05_/fang/jingjiren/fang1_list	127	391	3.07874015748
2013-12-06_/fang/jingjiren/fang7_list	5	26	5.2
2013-12-07_/fang/jingjiren/fang5_list	103	578	5.61165048544
2013-12-05_/fang/jingjiren/fang6_list	7	10	1.42857142857
2013-12-06_/fang/fang8/detail	3215	16928	5.26531881804
2013-12-05_/site/fang/search	20513	152805	7.44917856969
2013-12-02_/fang/fang8/search	201	1274	6.33830845771
2013-12-01_/picture/fang/fang5/detail	74	511	6.90540540541
2013-12-06_/archive/fang/fang5/detail	6210	21847	3.51803542673
2013-12-02_/fang/fang10/list	7759	86289	11.1211496327
2013-12-01_/archive/fang/fang10/detail	268	895	3.33955223881
2013-12-07_/fang/xiaoqu/search	22	445	20.2272727273
2013-12-04_/fang/fang3/search	248	2457	9.90725806452
2013-12-02_/self_promotion/fang/zizhu_fangxinfang/detail	49	80	1.63265306122
2013-12-05_/picture/fang/fang9/detail	2	7	3.5
2013-12-01_/fang/fang9/detail	336	1618	4.81547619048
2013-12-01_/fang/fang3/search	243	2464	10.1399176955
2013-12-04_/picture/fang/fang5/detail	81	353	4.35802469136
2013-12-06_/fang/fang12/search	119	975	8.19327731092
2013-12-06_/fang/xiaoqu/list	4374	53725	12.2828074989
2013-12-05_/fang/fang2/list	15388	206486	13.4186378997
2013-12-07_/fang/jingjiren/fang12_list	6	7	1.16666666667
2013-12-05_/fang/fang3/search	264	3067	11.6174242424
2013-11-30_/fang/fang5/detail	16	418	26.125
2013-12-07_/archive/fang/fang1/detail	4872	18142	3.723727422
2013-12-03_/archive/fang/fang11/detail	510	2045	4.00980392157
2013-12-01_/archive/fang/fang8/detail	279	698	2.5017921147
2013-12-03_/fang/fang8/list	8933	127773	14.3034814732
2013-12-03_/fang/fang10/detail	1223	6434	5.26083401472
2013-12-04_/fang/fang9/detail	515	2262	4.39223300971
2013-12-07_/fang/xiaoqu/list	3862	48374	12.5256343863
2013-12-06_/fang/jingjiren/fang1_list	152	538	3.53947368421
2013-12-02_/archive/fang/fang3/detail	936	3465	3.70192307692
2013-12-03_/fang/fang2/list	14702	199551	13.5730512855
2013-12-04_/archive/fang/fang3/detail	891	2952	3.31313131313
2013-12-05_/fang/fang1/detail	43677	313759	7.18362066992
2013-12-01_/fang/fang12/list	22002	265314	12.0586310335
2013-12-02_/archive/fang/fang2/detail	105	706	6.72380952381
2013-12-04_/fang/fang11/search	300	1933	6.44333333333
2013-12-05_/fang/fang11/search	286	2172	7.59440559441
2013-12-02_/fang/fang8/detail	3517	19387	5.51236849588
2013-12-01_/global/fang/list	10710	115845	10.8165266106
2013-12-05_/fang/fang6/list	61529	855406	13.9024850071
2013-12-03_/pub/detail_fill/fang/fang5	6523	50758	7.78138893147
2013-12-03_/pub/detail_fill/fang/fang4	88	570	6.47727272727
2013-12-03_/pub/detail_fill/fang/fang7	325	1595	4.90769230769
2013-12-03_/pub/detail_fill/fang/fang6	6034	31218	5.17368246603
2013-12-03_/pub/detail_fill/fang/fang1	18483	105112	5.6869555808
2013-12-03_/pub/detail_fill/fang/fang3	2751	11789	4.28535078153
2013-12-03_/pub/detail_fill/fang/fang2	383	3596	9.38903394256
2013-12-05_/fang/fang12/detail	9714	35239	3.62765081326
2013-12-07_/fang/fang9/list	1427	12311	8.6271899089
2013-12-03_/pub/detail_fill/fang/fang9	35	171	4.88571428571
2013-12-03_/pub/detail_fill/fang/fang8	1533	12610	8.2257012394
2013-12-07_/fang/fang12/detail	7662	28438	3.71156356043
2013-12-03_/fang/index	22941	223537	9.74399546663
2013-12-03_/global/fang/list	13188	138959	10.5367758568
2013-12-05_/fang/fang12/search	131	1217	9.29007633588
2013-12-06_/archive/fang/fang4/detail	36	106	2.94444444444
2013-12-07_/fang/jingjiren/fang1_list	114	279	2.44736842105
2013-12-04_/archive/fang/fang10/detail	318	955	3.00314465409
2013-12-03_/picture/fang/fang12/detail	35	62	1.77142857143
2013-12-01_/archive/fang/fang5/detail	5342	19786	3.70385623362
2013-12-05_/archive/fang/fang5/detail	6703	24299	3.62509324183
2013-12-07_/fang/fang6/list	50336	684333	13.5952995868
2013-12-04_/fang/fang6/search	3714	36345	9.7859450727
2013-12-04_/fang/fang8/detail	3551	19654	5.53477893551
2013-12-06_/fang/jingjiren/fang3_list	28	81	2.89285714286
2013-12-04_/self_promotion/fang/guwen_shuaxin/detail	20	113	5.65
2013-12-02_/fang/xiaoqu/list	4464	55730	12.4843189964
2013-12-02_/fang/jingjiren/fang12_list	14	96	6.85714285714
2013-12-01_/fang/xiaoqu/list	3926	48744	12.41569027
2013-12-01_/fang/fang11/detail	1800	10737	5.965
2013-12-02_/picture/fang/fang11/detail	5	10	2.0
2013-12-02_/fang/fang10/detail	1191	6554	5.50293870697
2013-12-04_/fang/jingjiren/fang6_list	9	91	10.1111111111
2013-12-01_/archive/fang/fang6/detail	1678	5787	3.44874851013
2013-12-06_/self_promotion/fang/guwen_shuaxin/detail	25	39	1.56
2013-12-05_/fang/fang7/search	37	345	9.32432432432
2013-12-07_/archive/fang/fang8/detail	259	726	2.80308880309
2013-12-02_/self_promotion/fang/zizhu_duankou/detail	240	826	3.44166666667
2013-12-07_/picture/fang/fang1/detail	51	516	10.1176470588
2013-12-05_/fang/fang3/list	20244	312088	15.4163208852
2013-12-02_/fang/xiaoqu/detail	36749	240245	6.53745680155
2013-12-02_/fang/fang12/list	25350	300436	11.8515187377
2013-12-03_/archive/fang/fang5/detail	6657	23739	3.56602073006
2013-12-02_/archive/fang/fang11/detail	504	2202	4.36904761905
2013-12-02_/fang/fang6/detail	13250	71706	5.41177358491
2013-12-04_/picture/fang/fang8/detail	7	11	1.57142857143
2013-12-07_/picture/fang/fang7/detail	10	12	1.2
2013-12-07_/fang/fang2/detail	907	6252	6.89305402426
2013-12-04_/fang/fang11/detail	2720	16382	6.02279411765
2013-12-06_/archive/fang/fang2/detail	97	377	3.88659793814
2013-12-03_/fang/fang8/search	179	1144	6.39106145251
2013-11-30_/fang/fang7/detail	5	92	18.4
2013-12-01_/fang/jingjiren/fang7_list	2	7	3.5
2013-12-03_/fang/jingjiren/fang3_list	28	43	1.53571428571
2013-12-07_/fang/jingjiren/fang9_list	2	2	1.0
2013-12-04_/site/fang/search	20723	153536	7.40896588332
2013-12-07_/fang/fang3/detail	9084	70778	7.79150154117
2013-12-04_/fang/fang5/search	2411	18478	7.6640398175
2013-12-05_/archive/fang/fang3/detail	939	2681	2.85516506922
2013-12-06_/archive/fang/fang5/detail%40post_at=1370613505%40refresh_at=1370613574%40post_id=41364162%40agent=1%40ad_type=0%40city=409%40dis_sid=5%40street_sid=-1%40list_stat=5%40xq_name=%E6%B0%B4%E4%B8%9C%E7%A2%A7%E6%A1%82%E5%9B%AD%40rl_source_type=0%40source_site=%40price=650000%40huxing_shi=3%40source_type=0%40puid=563467201	1	19	19.0
2013-12-07_/archive/fang/fang9/detail	33	73	2.21212121212
2013-12-03_/self_promotion/fang/guwen_jingjia/detail	25	34	1.36
2013-12-06_/pub/detail_fill/fang/fang11	1447	8221	5.68140981341
2013-12-04_/fang/xiaoqu/search	22	363	16.5
2013-12-06_/fang/fang6/search	3430	32600	9.50437317784
2013-12-05_/picture/fang/fang10/detail	9	32	3.55555555556
2013-12-02_/self_promotion/fang/guwen_jingjia/detail	28	37	1.32142857143
2013-12-07_/self_promotion/fang/list	772	2332	3.0207253886
2013-12-03_/archive/fang/fang4/detail	39	196	5.02564102564
2013-12-03_/fang/fang4/detail	542	2743	5.06088560886
2013-12-07_/archive/fang/fang6/detail	1808	5413	2.9939159292
2013-12-05_/self_promotion/fang/zizhu_fangxinfang/detail	45	81	1.8
2013-12-03_/picture/fang/fang9/detail	1	1	1.0
2013-12-05_/fang/jingjiren/fang8_list	10	20	2.0
2013-12-01_/self_promotion/fang/zizhu_fangxinfang/detail	51	138	2.70588235294
2013-12-06_/pub/detail_fill/fang/fang3	2583	11183	4.32946186605
2013-12-02_/fang/fang4/list	7030	88177	12.5429587482
2013-12-04_/archive/fang/fang5/detail	6761	25251	3.734802544
2013-12-02_/fang/fang9/detail	425	1996	4.69647058824
2013-12-02_/fang/fang12/search	139	1030	7.41007194245
2013-12-05_/fang/fang12/list	25913	309822	11.9562381816
2013-12-02_/fang/jingjiren/fang6_list	8	12	1.5
2013-12-03_/self_promotion/fang/zizhu_duankou/detail	217	455	2.09677419355
2013-12-03_/fang/fang2/search	8	68	8.5
2013-12-04_/fang/fang9/search	11	43	3.90909090909
2013-12-05_/fang/fang11/list	18371	226193	12.3125034021
2013-12-02_/fang/fang3/search	265	2147	8.10188679245
2013-11-30_/fang/fang6/detail	8	306	38.25
2013-12-04_/fang/jingjiren/fang5_list	294	686	2.33333333333
2013-12-07_/picture/fang/fang5/detail	88	402	4.56818181818
2013-12-05_/fang/fang2/search	19	255	13.4210526316
2013-11-30_/fang/fang6/list	7	164	23.4285714286
2013-12-01_/fang/fang11/list	14349	164416	11.4583594676
2013-12-03_/fang/fang12/list	25484	297219	11.6629649976
2013-12-01_/fang/fang11/search	201	2031	10.1044776119
2013-12-01_/fang/fang9/list	1213	10068	8.30008244023
2013-12-01_/fang/fang5/search	1921	14632	7.61686621551
2013-12-01_/fang/jingjiren/fang6_list	10	43	4.3
2013-12-04_/fang/fang7/list	15523	197505	12.723378213
2013-12-04_/fang/fang8/search	216	1148	5.31481481481
2013-12-04_/fang/fang1/list	230246	3568826	15.5000564614
2013-12-04_/fang/jingjiren/fang12_list	19	110	5.78947368421
2013-12-04_/fang/fang12/list	25563	302187	11.8212651097
2013-12-02_/picture/fang/fang8/detail	3	5	1.66666666667
2013-12-03_/fang/jingjiren/fang6_list	11	15	1.36363636364
2013-12-07_/self_promotion/fang/guwen_jingjia/detail	20	30	1.5
2013-12-02_/fang/jingjiren/fang9_list	2	2	1.0
2013-12-06_/self_promotion/fang/zizhu_dingxiang/detail	80	173	2.1625
2013-12-01_/fang/fang1/search	2009	21389	10.6465903435
2013-12-04_/fang/jingjiren/fang8_list	7	11	1.57142857143
2013-12-03_/archive/fang/fang7/detail	537	1284	2.39106145251
2013-12-02_/fang/fang2/list	14887	201720	13.5500772486
2013-12-02_/fang/tool/calculator	171	1099	6.4269005848
2013-12-06_/archive/fang/fang3/detail	910	3013	3.31098901099
2013-12-02_/fang/jingjiren/index	1257	8973	7.138424821
2013-12-05_/archive/fang/fang7/detail	533	1328	2.49155722326
2013-12-02_/fang/fang9/list	1599	16192	10.1263289556
2013-12-02_/picture/fang/fang12/detail	34	109	3.20588235294
2013-12-03_/fang/fang3/list	20661	322749	15.6211703209
2013-12-02_/fang/fang10/search	42	419	9.97619047619
2013-12-06_/archive/fang/fang9/detail	38	94	2.47368421053
2013-12-04_/fang/fang5/detail	47925	277369	5.78756390193
2013-12-01_/archive/fang/fang3/detail	699	2710	3.87696709585
2013-12-03_/fang/fang2/detail	884	5939	6.71832579186
2013-12-05_/fang/xiaoqu/search	27	402	14.8888888889
2013-12-01_/fang/fang9/search	7	25	3.57142857143
2013-12-03_/picture/fang/fang11/detail	6	61	10.1666666667
2013-12-02_/picture/fang/fang5/detail	63	262	4.15873015873
2013-12-06_/fang/fang11/detail	2644	13036	4.93040847201
2013-12-05_/fang/jingjiren/fang5_list	177	919	5.19209039548
2013-12-07_/picture/fang/fang6/detail	28	116	4.14285714286
2013-12-04_/fang/jingjiren/fang3_list	51	141	2.76470588235
2013-12-04_/picture/fang/fang12/detail	30	40	1.33333333333
2013-12-05_/archive/fang/fang9/detail	56	81	1.44642857143
2013-12-01_/fang/fang3/detail	8622	66259	7.68487589886
2013-12-03_/archive/fang/fang3/detail	993	3390	3.41389728097
2013-12-01_/fang/xiaoqu/search	18	130	7.22222222222
2013-12-04_/fang/xiaoqu/list	4507	52403	11.6270246284
2013-12-01_/fang/fang3/list	17492	283231	16.1920306426
2013-12-01_/archive/fang/fang7/detail	360	940	2.61111111111
2013-12-05_/fang/fang10/list	8020	88931	11.0886533666
2013-12-01_/site/fang/search	16577	126020	7.6020992942
2013-12-04_/fang/fang12/detail	9477	34744	3.66613907355
2013-12-05_/picture/fang/fang7/detail	13	33	2.53846153846
2013-12-04_/fang/fang11/list	18282	224829	12.297833935
2013-12-01_/fang/fang7/list	12453	162496	13.0487432747
2013-12-04_/fang/fang8/list	8914	127537	14.3074938299
2013-12-07_/picture/fang/fang11/detail	13	14	1.07692307692
2013-12-07_/fang/fang2/list	14428	197201	13.6679373441
2013-12-04_/self_promotion/fang/zizhu_fangxinfang/detail	57	79	1.38596491228
2013-12-03_/fang//zt	1	12	12.0
2013-12-06_/fang/fang2/detail	975	6156	6.31384615385
2013-12-04_/fang/fang1/detail	41683	290255	6.96339035098
2013-12-01_/fang/index	20741	202429	9.75984764476
2013-12-05_/fang/index	23490	233023	9.92009365688
2013-12-02_/picture/fang/fang9/detail	1	1	1.0
2013-12-04_/archive/fang/fang4/detail	30	52	1.73333333333
2013-12-06_/fang/fang9/list	1622	15626	9.63378545006
2013-12-07_/fang/fang4/search	6	34	5.66666666667
2013-12-06_/picture/fang/fang1/detail	42	158	3.7619047619
2013-12-05_/pub/detail_fill/fang/fang9	34	134	3.94117647059
2013-12-05_/pub/detail_fill/fang/fang8	1561	12462	7.98334401025
2013-12-05_/pub/detail_fill/fang/fang7	331	1576	4.76132930514
2013-12-05_/pub/detail_fill/fang/fang6	6266	31837	5.08091286307
2013-12-05_/pub/detail_fill/fang/fang5	6579	52346	7.95652834777
2013-12-03_/fang/fang5/detail	47191	274610	5.81911805217
2013-12-05_/pub/detail_fill/fang/fang3	2566	10829	4.22018706157
2013-12-05_/pub/detail_fill/fang/fang2	395	4063	10.2860759494
2013-12-05_/pub/detail_fill/fang/fang1	17577	101277	5.7619047619
2013-12-06_/archive/fang/fang1/detail	5264	18395	3.49449088146
2013-12-05_/fang/jingjiren/ziwojieshao	65	278	4.27692307692
2013-12-02_/fang/fang7/list	15167	191472	12.6242500165
2013-12-04_/pub/detail_fill/fang/fang6	6091	31019	5.0925956329
2013-12-04_/pub/detail_fill/fang/fang7	326	1608	4.93251533742
2013-12-04_/pub/detail_fill/fang/fang4	80	774	9.675
2013-12-04_/pub/detail_fill/fang/fang5	6602	52468	7.94728870039
2013-12-04_/pub/detail_fill/fang/fang2	380	3434	9.03684210526
2013-12-04_/pub/detail_fill/fang/fang3	2607	10869	4.16915995397
2013-12-07_/fang/fang5/list	186591	2545554	13.6424264836
2013-12-04_/pub/detail_fill/fang/fang1	18138	106085	5.84877053699
2013-12-07_/fang/fang5/search	1945	17068	8.77532133676
2013-12-03_/self_promotion/fang/list	746	2279	3.05495978552
2013-12-05_/fang/jingjiren/fang3_list	43	167	3.88372093023
2013-12-03_/self_promotion/fang/zizhu_fangxinfang/detail	67	153	2.28358208955
2013-12-04_/pub/detail_fill/fang/fang8	1535	12541	8.17003257329
2013-12-04_/pub/detail_fill/fang/fang9	33	234	7.09090909091
2013-11-30_/fang/fang11/detail	4	143	35.75
2013-12-03_/picture/fang/fang1/detail	43	348	8.09302325581
2013-12-05_/fang/fang9/list	1705	16814	9.86158357771
2013-12-05_/fang/fang5/detail	49615	301679	6.08039907286
2013-12-02_/fang/fang7/detail	3726	15330	4.11433172303
2013-12-01_/picture/fang/fang7/detail	15	24	1.6
2013-11-30_/fang/fang7/list	2	25	12.5
2013-12-03_/fang/fang6/list	60648	836071	13.7856318428
2013-12-07_/pub/detail_fill/fang/fang1	15856	97247	6.13313572149
2013-12-01_/fang/fang5/detail	40252	245703	6.10411904999
2013-12-07_/pub/detail_fill/fang/fang3	2194	9554	4.35460346399
2013-12-07_/pub/detail_fill/fang/fang2	302	3015	9.98344370861
2013-12-07_/pub/detail_fill/fang/fang5	5658	44106	7.7953340403
2013-12-06_/fang/jingjiren/ziwojieshao	54	229	4.24074074074
2013-12-07_/pub/detail_fill/fang/fang7	270	1215	4.5
2013-12-07_/pub/detail_fill/fang/fang6	5055	23162	4.58199802176
2013-12-07_/pub/detail_fill/fang/fang9	23	90	3.91304347826
2013-12-07_/pub/detail_fill/fang/fang8	751	5483	7.30093209055
2013-12-05_/archive/fang/fang8/detail	469	1108	2.36247334755
2013-12-05_/fang/jingjiren/fang12_list	27	172	6.37037037037
2013-12-02_/picture/fang/fang1/detail	45	337	7.48888888889
2013-12-07_/fang/jingjiren/ziwojieshao	35	195	5.57142857143
2013-12-04_/self_promotion/fang/zizhu_dingxiang/detail	83	189	2.27710843373
2013-12-07_/fang/fang10/detail	1085	5689	5.24331797235
2013-11-30_/fang/fang10/list	3	69	23.0
2013-12-02_/archive/fang/fang4/detail	33	170	5.15151515152
2013-12-06_/fang/jingjiren/fang6_list	4	4	1.0
2013-12-06_/fang/fang9/search	11	37	3.36363636364
2013-12-01_/picture/fang/fang3/detail	10	87	8.7
2013-12-07_/fang/fang1/search	1970	20533	10.4228426396
2013-12-04_/fang/fang4/search	1	7	7.0
2013-12-06_/fang/fang5/list	203275	2697262	13.2690296397
2013-12-07_/archive/fang/fang7/detail	410	1057	2.57804878049
2013-12-03_/fang/fang6/search	3630	36528	10.0628099174
2013-12-01_/fang/jingjiren/fang3_list	41	227	5.53658536585
2013-12-05_/self_promotion/fang/list	836	2591	3.09928229665
2013-12-03_/fang/fang1/zt	836	4832	5.77990430622
2013-12-06_/fang/fang3/list	19490	296946	15.2358132376
2013-12-03_/fang/xiaoqu/detail	35832	229816	6.41370841706
2013-12-04_/archive/fang/fang6/detail	2324	7577	3.26032702238
2013-12-05_/fang/fang3/detail	11159	78833	7.06452191057
2013-12-07_/fang/fang8/search	111	722	6.5045045045
2013-12-04_/fang/fang3/detail	10739	73702	6.86302262781
2013-12-01_/fang/fang8/search	109	591	5.42201834862
2013-12-07_/fang/fang3/list	17714	285723	16.1297843514
2013-12-03_/fang/fang11/search	277	1795	6.48014440433
2013-12-03_/picture/fang/fang6/detail	36	133	3.69444444444
2013-12-07_/archive/fang/fang4/detail	29	107	3.68965517241
2013-12-07_/fang/fang4/detail	564	2736	4.85106382979
2013-12-07_/fang/fang8/list	5388	67290	12.4888641425
2013-12-05_/fang/xiaoqu/list	4565	57360	12.56516977
2013-12-01_/picture/fang/fang4/detail	2	4	2.0
2013-12-06_/picture/fang/fang11/detail	8	30	3.75
2013-12-05_/picture/fang/fang3/detail	14	138	9.85714285714
2013-12-02_/fang/fang4/detail	491	2412	4.91242362525
2013-12-02_/archive/fang/fang9/detail	52	194	3.73076923077
2013-12-04_/fang/xiaoqu/detail	35565	224708	6.31823421904
2013-12-02_/fang/jingjiren/fang7_list	2	20	10.0
2013-12-02_/fang/jingjiren/ziwojieshao	55	171	3.10909090909
2013-12-04_/fang/jingjiren/fang1_list	135	504	3.73333333333
2013-12-06_/fang/fang8/search	182	1406	7.72527472527
2013-12-06_/archive/fang/fang7/detail	486	1173	2.41358024691
2013-12-02_/self_promotion/fang/guwen_shuaxin/detail	29	65	2.24137931034
2013-12-06_/pub/detail_fill/fang/fang8	1441	12009	8.33379597502
2013-12-06_/fang/fang1/detail	40307	255704	6.34391048701
2013-12-02_/picture/fang/fang6/detail	23	90	3.91304347826
2013-12-05_/fang/fang7/detail	3988	16944	4.24874623872
2013-12-01_/fang/fang1/list	194760	3136950	16.1067467652
2013-12-03_/archive/fang/fang2/detail	111	465	4.18918918919
2013-12-06_/pub/detail_fill/fang/fang1	17504	102598	5.86140310786
2013-11-30_/pub/detail_fill/fang/fang12	1	5	5.0
2013-12-03_/archive/fang/fang8/detail	461	1274	2.76355748373
2013-12-04_/picture/fang/fang6/detail	30	606	20.2
2013-12-06_/pub/detail_fill/fang/fang5	6479	51254	7.91078870196
2013-12-06_/pub/detail_fill/fang/fang6	5735	29325	5.1133391456
2013-12-06_/pub/detail_fill/fang/fang7	319	1331	4.1724137931
2013-12-03_/fang/fang7/detail	3936	16664	4.2337398374
2013-12-05_/archive/fang/fang6/detail	2316	6833	2.95034542314
2013-12-06_/fang/fang5/detail	47116	269436	5.71856694117
2013-12-01_/fang/fang12/search	131	925	7.06106870229
2013-12-01_/fang/404_page	10335	49556	4.79496855346
2013-12-04_/self_promotion/fang/zizhu_zhiding/detail	78	170	2.17948717949
2013-12-01_/fang/fang2/list	13489	186012	13.7899028838
2013-12-04_/fang/fang2/detail	887	5791	6.52874859076
2013-12-07_/fang/fang12/search	93	548	5.89247311828
2013-12-06_/fang/fang5/search	2115	15148	7.1621749409
2013-11-30_/fang/fang4/detail	1	13	13.0
2013-12-03_/fang/404_page	13422	57777	4.30464908359
2013-12-04_/fang/fang2/list	14934	204382	13.6856836748
2013-12-07_/picture/fang/fang9/detail	1	1	1.0
2013-12-03_/fang/fang12/detail	9513	32854	3.45358982445
2013-12-06_/picture/fang/fang12/detail	24	75	3.125
2013-12-06_/fang/fang3/search	222	1821	8.2027027027
2013-12-03_/self_promotion/fang/zizhu_dingxiang/detail	62	203	3.27419354839
2013-12-02_/pub/detail_fill/fang/fang12	1146	7799	6.80541012216
2013-12-06_/fang/fang11/list	17624	212367	12.0498751702
2013-12-02_/fang/fang5/list	204905	2739904	13.3715819526
2013-12-06_/self_promotion/fang/zizhu_zhiding/detail	75	177	2.36
2013-12-06_/fang/fang9/detail	504	2282	4.52777777778
2013-12-01_/fang/fang4/detail	504	2558	5.0753968254
2013-12-05_/pub/detail_fill/fang/fang4	109	1042	9.55963302752
2013-12-01_/fang/xiaoqu/detail	28941	192814	6.66231298158
2013-12-02_/pub/detail_fill/fang/fang10	1023	5829	5.69794721408
2013-12-04_/fang/jingjiren/index	1555	10264	6.60064308682
2013-12-01_/pub/detail_fill/fang/fang12	974	6729	6.90862422998
2013-12-01_/pub/detail_fill/fang/fang11	823	3807	4.62575941677
2013-12-01_/pub/detail_fill/fang/fang10	932	5178	5.55579399142
2013-12-02_/fang/fang7/search	46	377	8.19565217391
2013-12-01_/archive/fang/fang2/detail	85	360	4.23529411765
2013-12-07_/fang/fang7/list	13356	169860	12.7178796047
2013-12-03_/archive/fang/fang1/detail	5437	20504	3.77119735148
2013-12-02_/self_promotion/fang/zizhu_dingxiang/detail	85	180	2.11764705882
2013-12-03_/fang/fang9/list	1706	16643	9.75556858148
2013-12-02_/fang/fang9/search	13	61	4.69230769231
2013-12-03_/fang/fang1/detail	41420	276091	6.66564461613
2013-12-03_/fang/jingjiren/fang12_list	18	99	5.5
2013-12-01_/self_promotion/fang/zizhu_duankou/detail	204	350	1.71568627451
2013-12-06_/archive/fang/fang11/detail	485	1501	3.09484536082
2013-12-06_/archive/fang/fang8/detail	414	984	2.3768115942
2013-12-03_/fang/fang3/search	272	3101	11.4007352941
2013-12-01_/fang/fang4/list	6493	82190	12.6582473433
2013-12-06_/fang/xiaoqu/search	16	180	11.25
2013-11-30_/fang/404_page	1	1	1.0
2013-12-07_/picture/fang/fang2/detail	1	3	3.0
2013-12-01_/fang/fang8/detail	1546	8331	5.38874514877
2013-12-03_/fang/fang9/search	13	38	2.92307692308
2013-12-07_/fang/fang9/detail	399	1652	4.14035087719
2013-12-02_/archive/fang/fang8/detail	481	999	2.07692307692
2013-12-06_/fang/fang11/search	254	1632	6.42519685039
2013-12-07_/fang/404_page	12210	54333	4.44987714988
2013-11-30_/fang/fang6/search	2	17	8.5
2013-12-03_/archive/fang/fang10/detail	322	1109	3.44409937888
2013-12-02_/fang/list	14	253	18.0714285714
2013-12-07_/global/fang/list	11305	112520	9.95311808934
2013-12-07_/archive/fang/fang5/detail	5618	21386	3.80669277323
2013-12-05_/fang/fang10/detail	1228	6472	5.27035830619
2013-12-02_/fang/index	23606	227066	9.61899517072
2013-12-03_/picture/fang/fang5/detail	94	513	5.45744680851
2013-12-05_/fang/fang4/list	7544	93370	12.3767232238
2013-12-07_/archive/fang/fang10/detail	282	953	3.37943262411
2013-12-05_/picture/fang/fang11/detail	5	25	5.0
2013-12-02_/archive/fang/fang10/detail	317	1093	3.44794952681
2013-12-02_/fang/fang11/detail	2664	15335	5.75638138138
2013-12-07_/fang/tool/calculator	163	1264	7.75460122699
2013-12-01_/fang/jingjiren/fang12_list	17	66	3.88235294118
2013-12-07_/fang/fang11/detail	2027	13204	6.51406018747
2013-12-01_/picture/fang/fang8/detail	3	5	1.66666666667
2013-12-03_/fang/fang1/search	2426	23337	9.61953833471
2013-12-04_/picture/fang/fang9/detail	2	3	1.5
2013-12-01_/fang/fang8/list	4743	58645	12.3645372127
2013-12-06_/fang/fang5/zt	107	746	6.97196261682
2013-12-01_/fang/fang10/search	35	516	14.7428571429
2013-12-06_/fang/jingjiren/index	1475	9899	6.71118644068
2013-12-05_/archive/fang/fang11/detail	553	1891	3.41952983725
2013-12-03_/picture/fang/fang7/detail	15	21	1.4
2013-12-05_/self_promotion/fang/zizhu_dingxiang/detail	67	221	3.29850746269
2013-12-04_/archive/fang/fang12/detail	1	1	1.0
2013-12-06_/archive/fang/fang6/detail	2113	6961	3.29436819688
2013-12-07_/fang/index	21174	210484	9.94068196845
2013-12-05_/archive/fang/fang1/detail	5567	19317	3.46991198132
2013-12-03_/fang/fang11/detail	2673	16327	6.10811821923
2013-12-05_/fang/fang5/zt	71	516	7.2676056338
2013-12-05_/fang/jingjiren/fang7_list	5	32	6.4
2013-12-03_/fang/jingjiren/fang7_list	5	13	2.6
2013-12-05_/pub/detail_fill/fang/fang10	1041	5921	5.68780019212
2013-12-06_/picture/fang/fang6/detail	31	123	3.96774193548
2013-12-06_/fang/xiaoqu/detail	33142	205253	6.19313861565
2013-12-06_/fang/fang6/detail	12538	58897	4.69747966183
2013-12-07_/fang/fang11/list	15183	188228	12.3972864388
2013-12-05_/fang/fang6/detail	13801	76593	5.54981523078
2013-12-04_/self_promotion/fang/guwen_jingjia/detail	16	16	1.0
2013-12-01_/fang/fang6/detail	10173	54096	5.31760542613
2013-12-04_/picture/fang/fang1/detail	52	389	7.48076923077
2013-12-04_/fang/404_page	13745	62670	4.55947617315
2013-12-04_/fang/fang10/list	7979	89600	11.2294773781
2013-12-07_/fang/fang8/detail	2005	10169	5.07182044888
2013-12-04_/self_promotion/fang/list	901	2812	3.12097669256
2013-12-07_/archive/fang/fang3/detail	769	2835	3.68660598179
2013-12-03_/fang/fang8/detail	3511	18572	5.28966106522
2013-12-06_/fang/fang7/list	14767	184982	12.5267149726
2013-12-06_/fang/fang7/detail	3652	14436	3.95290251917
2013-11-30_/fang/fang10/detail	1	34	34.0
2013-12-01_/archive/fang/fang9/detail	34	113	3.32352941176
2013-12-04_/fang/index	23281	224296	9.63429405953
2013-12-04_/fang/fang3/list	20244	316357	15.6271981822
2013-12-07_/fang/fang1/zt	792	3934	4.96717171717
2013-12-06_/pub/detail_fill/fang/fang12	1206	7894	6.5456053068
2013-12-06_/pub/detail_fill/fang/fang10	1012	6189	6.11561264822
2013-12-01_/fang/fang10/list	6911	77630	11.2328172479
2013-12-05_/picture/fang/fang4/detail	1	1	1.0
2013-12-07_/fang/fang11/search	194	1481	7.63402061856
2013-12-05_/fang/fang10/search	54	495	9.16666666667
2013-12-02_/picture/fang/fang7/detail	11	20	1.81818181818
2013-12-06_/fang/fang12/list	25118	285263	11.3569153595
2013-12-07_/archive/fang/fang11/detail	368	1436	3.90217391304
2013-12-01_/archive/fang/fang1/detail	4726	17162	3.63140076174
2013-12-01_/fang/fang6/search	2914	28146	9.65888812629
2013-12-02_/fang/fang11/list	18524	225529	12.1749622112
2013-12-02_/fang/fang2/detail	922	6164	6.68546637744
2013-12-05_/fang/jingjiren/index	1490	10527	7.06510067114
2013-12-04_/archive/fang/fang8/detail	488	1079	2.21106557377
2013-12-03_/site/fang/search	21189	153393	7.23927509557
2013-12-05_/fang/fang8/detail	3451	20367	5.90176760359
2013-12-04_/fang/list	7	113	16.1428571429
2013-12-04_/picture/fang/fang7/detail	6	8	1.33333333333
2013-12-03_/fang/fang4/list	7142	90647	12.6921030524
2013-12-06_/fang/fang4/list	7454	91643	12.2944727663
2013-12-03_/fang/fang1/list	232666	3625944	15.5843311872
2013-12-02_/fang/fang3/list	20412	330274	16.1803840878
2013-12-02_/fang/jingjiren/fang5_list	153	830	5.42483660131
2013-12-03_/fang/fang11/list	18483	225684	12.2103554618
2013-12-06_/fang/fang1/list	219262	3381243	15.4210168657
2013-12-01_/archive/fang/fang11/detail	331	1184	3.57703927492
2013-12-07_/site/fang/search	16804	125518	7.46953106403
2013-12-01_/self_promotion/fang/zizhu_zhiding/detail	65	258	3.96923076923
2013-12-06_/fang/fang10/search	55	575	10.4545454545
2013-12-07_/picture/fang/fang12/detail	18	60	3.33333333333
2013-11-30_/fang/fang3/detail	13	357	27.4615384615
2013-12-06_/archive/fang/fang10/detail	319	943	2.95611285266
2013-12-06_/picture/fang/fang3/detail	16	312	19.5
2013-12-07_/fang/fang12/list	22935	268327	11.6994549815
2013-12-03_/archive/fang/fang9/detail	45	87	1.93333333333
2013-12-03_/fang/fang10/list	7926	89129	11.2451425688
2013-12-03_/fang/fang5/zt	22	156	7.09090909091
2013-12-02_/pub/detail_fill/fang/fang11	1607	8558	5.32545115121
2013-11-30_/fang/fang2/list	2	11	5.5
2013-12-02_/fang/fang5/search	2326	18665	8.02450558899
2013-11-30_/fang/xiaoqu/detail	1	5	5.0
2013-12-02_/archive/fang/fang1/detail	5640	22059	3.91117021277
2013-12-04_/fang/jingjiren/fang7_list	4	7	1.75
2013-12-02_/archive/fang/fang6/detail	2275	7852	3.45142857143
2013-12-06_/fang/fang12/detail	8943	30338	3.39237392374
2013-12-06_/fang/index	23102	221401	9.58362912302
2013-12-06_/fang/jingjiren/fang5_list	113	572	5.06194690265
2013-12-06_/fang/fang6/list	57342	778468	13.5758780649
2013-12-02_/fang/fang1/list	232302	3620447	15.5850875154
2013-12-05_/fang/fang4/detail	556	3150	5.6654676259
2013-11-30_/fang/fang1/list	15	555	37.0
2013-12-03_/fang/fang7/list	15492	195967	12.6495610638
2013-12-03_/picture/fang/fang8/detail	11	49	4.45454545455
2013-12-04_/fang/jingjiren/fang9_list	5	5	1.0
2013-12-03_/fang/xiaoqu/list	4382	57726	13.1734367869
2013-11-30_/site/fang/search	4	23	5.75
2013-12-05_/archive/fang/fang2/detail	108	522	4.83333333333
2013-12-05_/fang/fang4/search	3	10	3.33333333333
2013-12-03_/fang/fang6/detail	13367	73080	5.46719533179
2013-12-06_/self_promotion/fang/zizhu_duankou/detail	231	402	1.74025974026
2013-12-05_/fang/fang1/search	2488	24410	9.81109324759
2013-12-01_/fang/fang10/detail	1053	5507	5.22981956315
2013-12-01_/fang/jingjiren/index	1161	6539	5.63221360896
2013-12-07_/pub/detail_fill/fang/fang4	89	725	8.14606741573
