驻马店	552	4576	8.28	3351	257	6	0	694	265	0	0
锦州	676	6998	10.35	3713	720	0	4	2250	310	0	0
石嘴山	138	914	6.62	570	90	0	1	186	65	1	0
呼伦贝尔	414	3182	7.68	2470	306	0	0	406	0	0	0
九江	649	5651	8.69	2933	731	2	0	1321	606	54	0
辽阳	353	3182	8.99	1938	208	0	0	261	754	20	0
三门峡	358	2553	7.12	2019	319	12	0	202	0	0	0
阜新	359	3048	8.48	1560	520	3	0	954	10	0	0
鸡西	204	1484	7.27	1201	67	0	0	216	0	0	0
深圳	22200	179938	8.1	89531	13060	1258	787	24366	37297	1741	11894
渭南	432	3343	7.72	2112	260	18	0	268	663	19	0
柳州	1223	10453	8.54	6052	1225	112	2	2438	605	16	0
广州	14792	126737	8.56	50999	11509	1318	883	32337	26423	1013	2251
平凉	132	761	5.73	637	63	0	0	60	0	0	0
雅安	149	1048	7.03	693	147	2	0	204	0	0	0
大理	246	1676	6.79	814	181	9	0	271	399	1	0
营口	561	4775	8.5	3281	455	21	0	1016	0	0	0
湛江	386	2973	7.68	1312	557	13	1	806	274	9	0
邯郸	1733	15816	9.12	9168	974	62	4	1790	3697	119	0
吉安	453	3599	7.94	1964	408	0	0	622	602	1	0
新乡	832	7087	8.5	4477	675	19	2	974	888	49	0
白城	219	1399	6.38	1139	207	10	0	41	0	0	0
玉林	301	2591	8.6	1641	255	0	0	695	0	0	0
吕梁	227	1354	5.96	1045	179	0	16	113	0	0	0
四平	390	3235	8.28	2361	465	0	0	407	0	0	0
天门	48	303	6.23	265	12	0	0	25	0	0	0
湖州	569	4006	7.03	2620	560	1	2	821	0	0	0
盐城	998	8222	8.23	5173	698	34	3	873	1438	1	0
山南	2	7	2.63	6	0	0	0	0	0	0	0
安顺	152	1193	7.85	763	124	9	0	295	0	0	0
鄂州	109	670	6.15	411	126	2	0	114	15	0	0
滁州	451	3840	8.51	2033	289	4	2	1027	474	7	0
天津	10737	81270	7.56	45215	5993	260	123	10538	17298	683	1157
保山	63	334	5.29	274	35	0	0	23	0	0	0
武威	104	610	5.84	473	63	0	0	72	0	0	0
文山	135	875	6.45	647	138	0	0	89	0	0	0
盘锦	399	3574	8.94	2373	200	6	1	608	384	0	0
益阳	299	2359	7.87	1709	178	7	0	311	153	0	0
漯河	516	4305	8.33	2693	438	15	15	910	223	8	0
衡阳	615	5719	9.28	3601	838	3	1	703	567	4	0
黔南	204	1420	6.96	968	161	2	4	252	32	0	0
日喀则	4	16	3.74	10	6	0	0	0	0	0	0
阳江	161	1114	6.91	554	211	2	0	174	167	4	0
阿克苏	423	3870	9.15	2263	254	51	0	1111	190	0	0
濮阳	669	5989	8.94	3387	623	13	0	1369	595	0	0
塔城	51	278	5.42	250	19	0	0	9	0	0	0
朝阳市	399	4042	10.12	1864	295	3	0	1701	178	0	0
洛阳	1985	20153	10.15	10822	1410	18	13	1249	6191	128	319
红河	166	1031	6.19	688	130	1	0	211	0	0	0
儋州	15	52	3.43	44	7	0	0	0	0	0	0
南京	11304	93888	8.3	61354	3942	1532	309	5703	16599	2476	1971
齐齐哈尔	517	4351	8.41	3113	248	0	0	450	540	0	0
伊春	67	409	6.1	348	53	0	0	7	0	0	0
安康	141	1276	9.03	477	200	2	0	350	246	0	0
六盘水	219	1681	7.65	962	307	1	1	328	80	0	0
和田	46	301	6.52	226	42	0	0	32	0	0	0
内江	293	2450	8.35	1052	506	0	0	595	290	4	0
鹤壁	334	2784	8.32	1770	236	15	0	758	3	0	0
六安	568	4831	8.49	3046	312	61	29	1019	337	24	0
本溪	460	3977	8.63	2766	319	30	0	861	0	0	0
信阳	659	5960	9.03	4143	394	46	0	1167	209	0	0
库尔勒	140	848	6.04	755	54	0	0	38	0	0	0
白银	171	1137	6.62	908	112	0	0	117	0	0	0
昭通	69	476	6.84	252	31	0	0	164	27	1	0
曲靖	214	2088	9.72	979	330	8	0	231	530	9	0
泰州	556	4744	8.52	2542	364	25	14	683	1104	9	0
长治	616	5217	8.46	2741	371	0	5	1143	952	2	0
怒江	4	16	3.83	15	0	0	0	0	0	0	0
兴安	113	965	8.52	793	64	0	0	106	0	0	0
葫芦岛	442	4066	9.2	2620	438	0	0	1008	0	0	0
亳州	301	2524	8.36	2179	159	0	0	186	0	0	0
达州	290	2064	7.1	1305	194	0	0	453	112	0	0
秦皇岛	1003	9472	9.44	3919	1174	3	8	2835	1491	40	0
阿拉善	18	74	4.15	63	7	0	0	3	0	0	0
吴忠	85	734	8.55	360	142	0	0	230	0	0	0
南昌	2817	22953	8.14	14801	2205	119	26	4514	1120	47	117
钦州	196	1669	8.49	842	251	5	0	569	0	0	0
武汉	14930	134007	8.97	69358	7912	1589	379	11276	35192	1408	6890
宣城	287	2111	7.34	1384	176	0	0	495	54	0	0
苏州	13854	129913	9.37	71067	9176	886	413	16848	28178	1060	2283
天水	310	2375	7.66	1248	651	0	0	404	70	0	0
枣庄	759	6103	8.04	3774	568	18	0	1158	582	2	0
潍坊	3582	37004	10.32	21386	2899	60	9	5424	6259	206	757
甘南	12	74	6.02	57	15	0	0	2	0	0	0
商洛	61	412	6.7	211	31	0	0	78	91	0	0
梅州	208	1823	8.75	933	261	14	0	174	436	3	0
赤峰	785	7190	9.15	3566	738	9	9	1384	1418	63	0
湘潭	443	3347	7.55	2191	171	19	10	433	497	23	0
贵港	209	1391	6.65	787	223	9	0	252	119	0	0
韶关	176	1481	8.41	848	165	0	0	422	44	0	0
汕尾	105	672	6.37	286	179	2	0	183	20	0	0
河池	150	806	5.35	749	28	4	0	23	0	0	0
鹰潭	132	1061	8.01	594	173	0	7	256	30	0	0
阿坝	12	50	3.92	44	3	0	0	2	0	0	0
蚌埠	759	6208	8.17	3115	712	0	1	714	1414	97	152
昌吉	356	3383	9.49	2125	177	10	0	599	470	0	0
西双版纳	152	1145	7.5	631	114	4	0	186	208	0	0
铜仁	197	1788	9.07	880	167	6	0	184	550	0	0
郑州	16919	170732	10.09	87937	9839	1148	533	14666	45502	1358	9745
福州	7209	73982	10.26	39261	5812	1081	172	8197	16925	598	1932
上饶	506	4855	9.58	2869	621	0	0	786	541	36	0
连云港	964	7549	7.83	5782	372	23	0	1371	0	0	0
延安	394	3288	8.34	2144	263	20	0	860	0	0	0
吉林	946	8973	9.48	5046	801	14	0	2468	633	10	0
绍兴	838	7058	8.42	3777	830	48	42	1742	613	5	0
咸宁	211	1526	7.22	960	99	19	0	291	152	2	0
喀什	214	1846	8.6	960	182	15	0	636	51	0	0
永州	230	1807	7.84	1298	135	3	0	294	73	2	0
阿勒泰	82	578	6.97	481	40	0	0	56	0	0	0
巢湖	253	1865	7.35	1164	198	0	0	194	309	0	0
庆阳	311	2782	8.94	1186	238	0	0	211	1097	48	0
怀化	470	4290	9.11	2528	359	18	0	452	931	0	0
南宁	3861	33273	8.61	16224	4255	128	49	5994	5950	158	512
恩施	349	3304	9.46	1972	170	4	0	1030	126	0	0
潜江	46	270	5.83	203	51	0	0	15	0	0	0
果洛	0	0	1.0	0	0	0	0	0	0	0	0
那曲	0	1	2.25	1	0	0	0	0	0	0	0
黄石	333	2835	8.49	1568	333	0	0	590	338	4	0
呼和浩特	2808	26208	9.33	15370	1645	265	17	3409	4656	269	574
汉中	344	3060	8.89	1817	137	2	0	156	843	103	0
图木舒克	5	32	6.36	20	6	0	0	5	0	0	0
宜昌	1315	11394	8.66	8004	450	66	23	676	2015	157	0
三亚	1374	11470	8.34	5441	898	267	7	1921	2689	49	196
海口	2976	29308	9.84	13478	2938	377	134	5670	6010	192	505
重庆	12182	106728	8.76	65927	5713	863	127	14820	16850	508	1917
清远	244	2235	9.15	753	375	3	0	623	465	13	0
张掖	157	1025	6.52	675	165	0	0	128	55	0	0
忻州	245	1817	7.4	1159	218	0	0	290	143	5	0
新余	169	1382	8.16	1004	92	5	0	163	117	0	0
唐山	2103	19887	9.45	11136	1585	57	15	3555	3450	86	0
萍乡	180	1440	7.97	1205	62	0	0	150	22	0	0
嘉兴	1308	10774	8.23	5462	1426	66	56	3198	565	0	0
德州	1296	10304	7.94	6025	819	30	0	1226	2036	64	101
广元	217	1735	7.97	993	76	6	0	658	0	0	0
咸阳	890	8300	9.31	4826	439	26	0	586	2344	77	0
娄底	384	3238	8.42	2107	300	0	0	387	420	21	0
北京	59091	531992	9.0	233580	20968	8743	5676	46197	147298	10838	58689
莱芜	234	1800	7.69	1203	140	0	0	438	18	0	0
郴州	642	5193	8.08	3030	687	51	0	1219	204	0	0
宝鸡	862	7519	8.72	3620	440	0	0	482	2857	35	84
兰州	3380	27651	8.17	15510	1397	180	0	1860	7735	298	668
丽江	221	1564	7.04	899	173	5	0	314	171	0	0
凉山	220	1721	7.81	871	197	30	0	182	435	4	0
张家界	116	1091	9.34	679	74	0	0	337	0	0	0
厦门	6806	67040	9.85	35891	6030	629	200	8757	11826	402	3304
淮南	446	3762	8.42	2081	292	16	0	373	998	0	0
通辽	539	4707	8.73	3704	396	12	0	593	0	0	0
北海	729	5433	7.44	2141	627	29	0	1950	674	10	0
海西	121	820	6.74	674	111	0	0	34	0	0	0
临夏	48	287	5.9	179	76	0	0	30	0	0	0
晋城	555	4608	8.29	2175	429	0	0	947	1049	7	0
楚雄	91	767	8.41	255	20	0	0	491	0	0	0
绵阳	724	5980	8.25	3331	489	4	16	1108	953	10	66
牡丹江	508	4537	8.93	2980	246	4	0	1305	0	0	0
孝感	289	2021	6.97	1589	146	3	0	280	0	0	0
乌兰察布	180	1294	7.15	1115	59	0	0	119	0	0	0
滨州	1130	10271	9.08	6599	394	19	5	2190	1024	27	10
资阳	202	1338	6.6	872	191	0	0	172	100	0	0
张家口	584	4557	7.8	2723	389	3	0	600	835	4	0
大庆	738	5653	7.65	3817	214	19	0	662	933	6	0
昆明	3668	31854	8.68	15077	3531	34	172	4178	7936	147	775
朔州	186	1518	8.15	1302	112	0	0	103	0	0	0
赣州	973	9377	9.63	5880	755	184	30	1259	1184	84	0
迪庆	11	49	4.53	41	8	0	0	0	0	0	0
巴彦淖尔	304	2418	7.93	1860	165	1	0	373	16	0	0
合肥	10407	99191	9.53	57633	6003	390	143	12321	18066	847	3784
五家渠	39	252	6.38	220	15	0	0	16	0	0	0
百色	150	823	5.48	672	104	0	0	45	0	0	0
广安	185	1149	6.19	907	100	1	0	138	0	0	0
珠海	1846	17595	9.52	7622	2504	142	26	5169	2031	52	46
海东	47	100	2.09	90	6	0	0	2	0	0	0
毕节	146	1109	7.58	523	153	2	2	427	0	0	0
拉萨	250	1702	6.79	1367	109	1	0	224	0	0	0
克孜勒苏	17	89	5.26	69	20	0	0	0	0	0	0
阜阳	666	5211	7.81	3461	283	9	0	526	894	37	0
荆州	549	4544	8.27	2494	548	36	1	510	941	11	0
济南	12072	119633	9.9	59351	6884	540	231	14344	32726	988	4567
沧州	1067	8825	8.26	4568	680	0	0	1173	2321	82	0
上海	41746	368977	8.83	145299	23285	3816	4687	38356	109044	6069	38417
泉州	2069	19635	9.48	10403	2038	312	26	3617	2840	97	297
菏泽	833	6938	8.32	3746	824	23	0	1630	692	22	0
崇左	56	248	4.38	233	14	0	0	0	0	0	0
镇江	574	4538	7.89	2659	560	0	0	993	298	26	0
阳泉	410	3238	7.89	1720	319	0	8	498	691	0	0
台州	1004	8349	8.31	5569	872	5	0	1522	360	19	0
威海	2027	22655	11.17	15533	1414	222	75	2969	2337	102	0
甘孜	15	72	4.55	58	9	0	0	4	0	0	0
桂林	1413	13157	9.3	5900	1609	73	68	2169	3231	62	42
乐山	379	3641	9.58	1838	408	0	0	803	591	0	0
长沙	6943	57682	8.3	34509	3897	361	18	8003	9060	322	1508
中山	1631	13524	8.28	6034	2196	13	26	2814	2234	54	150
黔东南	203	1674	8.23	934	166	0	0	573	0	0	0
贺州	123	882	7.13	534	144	0	0	204	0	0	0
南充	606	5233	8.62	3104	538	12	32	538	981	26	0
东营	1225	9240	7.54	5415	858	27	0	1771	1117	50	0
来宾	76	487	6.4	429	40	0	1	16	0	0	0
襄阳	973	9419	9.67	4919	774	75	0	1227	2389	34	0
岳阳	477	3782	7.91	2171	465	20	7	831	286	0	0
玉树	2	8	3.5	1	5	0	0	1	0	0	0
贵阳	2628	21251	8.08	11534	2091	135	20	2757	4099	103	507
乌鲁木齐	3239	27788	8.57	16458	1168	127	10	2383	6815	168	656
常德	464	3327	7.16	2089	299	0	0	699	238	0	0
石河子	407	4097	10.06	2231	341	33	0	866	624	0	0
眉山	265	2297	8.66	1450	214	20	0	435	172	4	0
太原	5491	49974	9.1	24394	3141	114	24	6050	14054	417	1778
长春	5566	54056	9.71	30937	3719	215	45	9048	9468	114	508
随州	181	1660	9.13	805	141	3	0	329	365	15	0
玉溪	129	934	7.22	464	109	0	0	360	0	0	0
株洲	1172	10915	9.3	6120	941	24	2	1586	2096	77	66
阿里	0	1	1.16	1	0	0	0	0	0	0	0
池州	211	1820	8.59	938	195	18	0	535	131	0	0
铁岭	399	3463	8.67	2057	322	2	0	858	222	0	0
西安	14066	139371	9.9	70159	9183	1090	247	11682	39856	984	6167
嘉峪关	55	306	5.57	251	15	0	0	40	0	0	0
德宏	62	366	5.87	313	36	0	0	15	0	0	0
定西	112	630	5.61	430	102	0	0	97	0	0	0
三明	403	2834	7.02	1763	152	8	0	614	291	5	0
宜春	360	2805	7.78	1852	264	20	11	522	133	1	0
宁波	6277	60602	9.65	27366	5505	428	210	5603	18275	869	2342
乌海	189	1660	8.77	1079	225	0	0	356	0	0	0
青岛	12045	120163	9.97	63471	8026	280	62	9888	32714	1225	4495
济源	185	1548	8.36	1227	189	0	0	131	0	0	0
丹东	607	5825	9.59	3176	544	11	0	1286	777	28	0
焦作	505	4008	7.93	2968	422	0	0	542	74	0	0
临汾	606	4475	7.37	2511	802	18	0	1056	87	0	0
陇南	27	123	4.54	108	14	0	0	0	0	0	0
南通	1820	16594	9.11	7881	1368	96	35	2045	4438	91	637
巴音郭楞	114	694	6.05	544	59	6	0	84	0	0	0
自贡	383	3017	7.86	1762	521	10	0	235	487	0	0
周口	398	3120	7.83	2225	309	43	0	542	0	0	0
黄南	0	0	1.33	0	0	0	0	0	0	0	0
常州	2810	26961	9.59	13689	2795	347	43	3100	6209	152	623
固原	57	368	6.37	296	65	0	0	6	0	0	0
鞍山	1197	12179	10.17	7979	776	22	0	2855	546	0	0
通化	186	1276	6.86	998	124	0	0	153	0	0	0
宁德	593	5776	9.74	3283	862	34	14	905	650	26	0
泰安	1066	8872	8.32	4846	1023	10	0	1417	1566	9	0
十堰	612	4798	7.84	2956	453	24	2	700	649	11	0
大连	7478	89625	11.98	42173	6253	249	252	12628	24326	759	2982
包头	940	7900	8.4	3718	1191	11	0	1698	1157	56	66
鄂尔多斯	431	2828	6.56	1852	157	10	0	808	0	0	0
哈尔滨	3654	31301	8.56	19496	1882	82	8	2890	6450	117	374
伊犁	274	2210	8.06	1317	261	17	0	613	0	0	0
惠州	1183	9680	8.17	4412	1529	40	58	2478	1095	8	56
宿迁	920	8518	9.25	4857	597	52	10	1579	1376	44	0
遵义	612	5268	8.59	2793	505	72	0	930	967	0	0
黄冈	302	2058	6.8	1632	138	2	1	259	24	0	0
平顶山	670	5525	8.23	3817	358	6	0	300	957	85	0
攀枝花	261	1846	7.07	1115	122	0	0	412	194	1	0
烟台	4518	49323	10.91	27503	3086	361	74	6411	11456	126	303
五指山	37	231	6.15	128	85	0	0	17	0	0	0
白山	132	900	6.82	699	96	0	0	105	0	0	0
佳木斯	309	2708	8.74	1722	109	12	0	575	289	0	0
商丘	777	6654	8.55	3886	738	20	36	674	1242	40	15
河源	155	1011	6.52	428	190	0	0	180	197	14	0
锡林郭勒	128	953	7.41	756	53	0	0	142	0	0	0
廊坊	1932	17518	9.06	9937	1142	75	0	3116	2936	53	257
龙岩	437	3706	8.48	2045	632	9	9	884	124	0	0
开封	646	5265	8.14	3383	481	5	0	807	587	0	0
茂名	200	1350	6.75	607	188	13	0	452	83	5	0
西宁	1237	9804	7.92	6480	605	39	4	863	1682	13	115
马鞍山	450	3936	8.74	2095	479	15	0	291	983	72	0
阿拉尔	35	212	6.07	192	20	0	0	0	0	0	0
临沂	2743	28450	10.37	13953	3037	135	40	2776	7397	179	930
邢台	878	7126	8.11	4636	651	5	0	781	1034	17	0
梧州	237	1540	6.5	703	288	1	18	528	0	0	0
聊城	1288	10939	8.48	7164	499	25	0	1310	1939	0	0
铜陵	281	2150	7.64	1206	277	0	0	307	355	3	0
铜川	130	1048	8.03	693	174	0	1	134	45	0	0
运城	542	3708	6.83	2177	547	26	16	442	493	4	0
抚顺	668	6186	9.25	3867	426	12	9	1320	551	0	0
鹤岗	115	809	7.03	664	56	0	0	88	0	0	0
黔西南	81	657	8.05	390	65	12	0	94	95	0	0
吐鲁番	58	355	6.11	296	40	0	0	19	0	0	0
湘西	130	913	7.01	805	90	6	0	11	0	0	0
抚州	218	1742	7.98	1390	202	0	1	148	0	0	0
大兴安岭	38	241	6.22	218	15	0	0	7	0	0	0
哈密	164	1357	8.25	1032	118	5	3	197	0	0	0
遂宁	315	2570	8.14	1324	402	0	0	656	188	0	0
荆门	330	2651	8.02	2033	253	2	0	297	64	0	0
沈阳	9252	94780	10.24	48164	7075	252	63	9786	24545	685	4208
博尔塔拉	95	674	7.06	561	57	3	0	52	0	0	0
林芝	20	106	5.23	90	16	0	0	0	0	0	0
黄山	276	2156	7.79	1458	156	18	0	283	236	4	0
七台河	89	623	6.99	528	52	1	0	41	0	0	0
淄博	2531	25006	9.87	15284	2525	96	9	3138	3796	49	106
延边	366	3361	9.18	2085	363	0	0	870	43	0	0
海南州	4	15	3.36	15	0	0	0	0	0	0	0
南平	315	2955	9.38	1292	298	19	0	962	379	3	0
巴中	231	1846	7.99	940	200	7	0	645	52	0	0
普洱	60	325	5.4	229	66	0	0	29	0	0	0
双鸭山	142	1081	7.57	874	139	0	0	67	0	0	0
保定	2234	19556	8.75	10695	1321	52	6	2859	4229	152	239
许昌	676	5783	8.55	2912	740	0	0	788	1276	65	0
松原	277	2135	7.7	1709	193	0	0	233	0	0	0
景德镇	334	3026	9.05	1905	210	9	0	564	336	0	0
金昌	84	579	6.83	461	46	0	0	71	0	0	0
杭州	12711	113746	8.94	54613	6626	950	443	9192	30554	2087	9277
东莞	3253	24946	7.66	10281	2710	99	23	5204	6213	155	258
衡水	815	6920	8.48	4746	454	28	20	1225	444	0	0
安阳	634	5399	8.51	2966	583	11	0	730	1106	0	0
宜宾	655	5164	7.88	2694	368	33	30	726	1278	33	0
无锡	4646	43948	9.45	24566	3768	217	121	4606	9423	261	983
榆林	613	5504	8.97	3518	422	31	1	1069	416	44	0
澳门	82	562	6.8	453	83	0	0	25	0	0	0
舟山	344	2758	8.01	1969	233	41	0	514	0	0	0
克拉玛依	229	1517	6.6	1356	95	0	2	63	0	0	0
银川	1862	16454	8.83	8020	1589	55	33	2421	3794	107	431
济宁	1699	14122	8.3	7574	1138	9	0	2420	2900	79	0
淮安	800	6483	8.09	3800	637	81	12	485	1298	46	122
日照	1447	14501	10.02	6615	1818	4	2	1871	3855	72	263
安庆	572	4314	7.53	2708	416	11	0	485	678	13	0
徐州	2107	20837	9.88	11075	1762	100	0	3135	4347	87	328
中卫	97	913	9.35	381	200	0	0	332	0	0	0
石家庄	7486	70078	9.36	34832	5495	472	90	5466	21663	842	1214
芜湖	1153	10453	9.06	5898	484	43	24	661	3207	134	0
仙桃	82	614	7.47	536	37	0	0	39	0	0	0
昌都	2	5	2.5	3	2	0	0	0	0	0	0
宿州	353	2529	7.15	1920	204	5	0	280	117	0	0
衢州	455	4088	8.98	2259	529	35	0	1215	49	0	0
神农架	2	3	1.5	3	0	0	0	0	0	0	0
酒泉	141	857	6.06	535	159	0	0	148	13	0	0
香港	100	404	4.01	306	82	0	3	12	0	0	0
黑河	86	606	6.97	485	106	0	0	14	0	0	0
潮州	96	574	5.97	319	106	0	0	148	0	0	0
晋中	683	4977	7.28	2926	642	0	0	1142	266	0	0
漳州	733	6696	9.13	3060	666	14	36	1196	1579	142	0
莆田	886	9834	11.09	5888	784	74	21	1322	1637	105	0
海北	1	4	3.22	3	0	0	0	0	0	0	0
佛山	2403	19488	8.1	10139	2842	95	15	3290	2987	116	1
邵阳	286	1884	6.59	1375	244	0	0	175	89	0	0
大同	651	5678	8.72	3382	515	13	0	392	1349	25	0
辽源	92	647	7.03	578	46	0	0	23	0	0	0
揭阳	183	1250	6.81	568	225	0	0	225	228	2	0
云浮	99	672	6.79	444	85	0	0	142	0	0	0
南阳	826	6594	7.97	3855	425	29	0	918	1269	29	66
江门	542	4571	8.42	1560	767	12	15	963	1199	9	44
琼海	42	247	5.78	111	50	0	0	57	28	0	0
扬州	1365	12718	9.31	6192	1353	20	11	1326	3652	31	130
临沧	42	206	4.82	108	48	0	0	49	0	0	0
淮北	483	4093	8.46	2605	337	4	0	497	648	0	0
丽水	408	3225	7.89	2345	328	3	0	548	0	0	0
德阳	425	3501	8.23	1961	428	17	1	318	761	11	0
温州	1732	14601	8.42	7931	1036	29	16	2269	2541	143	632
泸州	499	3805	7.61	2231	651	19	0	543	351	7	0
汕头	621	4965	7.98	1608	1273	64	2	1283	721	12	0
承德	749	6137	8.19	3677	596	19	76	968	772	27	0
金华	2208	19597	8.87	12648	1275	422	351	3984	859	55	0
绥化	273	2160	7.89	1397	372	0	0	390	0	0	0
肇庆	313	2554	8.14	1126	423	0	0	764	240	0	0
成都	16345	162178	9.92	88513	11737	951	200	21026	31263	858	7627
防城港	145	958	6.6	754	84	10	0	109	0	0	0
