驻马店	258	1567	6.06	1114	121	8	6	235	81	0	0
锦州	362	2628	7.25	1218	246	7	5	570	474	0	106
石嘴山	64	391	6.11	211	46	0	0	114	19	0	0
呼伦贝尔	238	1471	6.17	1069	125	4	0	273	0	0	0
九江	362	2556	7.06	1349	217	18	12	268	689	0	0
辽阳	169	1192	7.04	667	101	2	0	139	283	0	0
三门峡	173	1151	6.63	927	107	5	0	111	0	0	0
阜新	184	1179	6.4	593	188	0	0	396	1	0	0
鸡西	105	627	5.97	474	40	0	0	113	0	0	0
深圳	15848	154067	9.72	72383	8089	905	597	20422	38906	34	12727
渭南	201	1249	6.2	784	69	0	0	86	253	0	54
柳州	776	6123	7.88	3082	731	3	5	1225	762	0	313
广州	9858	90913	9.22	29717	6913	493	675	15103	27872	131	10005
平凉	72	418	5.74	319	26	0	0	73	0	0	0
雅安	77	467	6.06	315	61	0	0	90	0	0	0
昭通	53	318	6.01	148	39	1	0	51	55	0	23
大理	183	1149	6.26	519	93	10	0	169	264	0	91
营口	295	2241	7.57	1147	164	3	0	800	125	0	0
湛江	256	1679	6.53	699	228	71	18	434	227	0	0
邯郸	814	5884	7.22	3025	360	13	12	607	1550	0	315
吉安	252	1637	6.49	976	150	1	0	317	191	0	0
呼和浩特	1211	9589	7.91	5022	466	28	8	1748	1835	0	478
新乡	413	2885	6.97	1666	252	4	0	404	481	0	76
白城	121	778	6.38	665	48	0	0	64	0	0	0
玉林	195	1344	6.86	812	158	4	2	255	109	0	0
吕梁	103	508	4.92	371	51	0	0	84	0	0	0
四平	202	1420	7.02	828	160	0	0	402	28	0	0
天门	28	145	5.19	115	12	0	0	16	0	0	0
湖州	405	2303	5.68	1362	382	11	0	390	156	0	0
盐城	525	3759	7.15	2128	242	28	1	482	690	0	184
山南	2	12	4.04	9	0	0	0	2	0	0	0
安顺	90	572	6.34	404	52	1	1	112	0	0	0
鄂州	65	374	5.67	209	56	0	0	88	19	0	0
滁州	292	2220	7.59	1033	201	1	12	366	496	0	108
天津	6144	50161	8.16	21086	3618	96	68	6169	15014	10	4096
东营	637	4211	6.6	2535	327	9	1	697	479	0	160
武威	63	401	6.3	288	21	0	0	22	68	0	0
文山	72	435	5.98	230	53	1	0	66	60	0	24
盘锦	178	1229	6.87	796	78	5	0	250	98	0	0
益阳	153	956	6.23	684	79	6	0	120	65	0	0
漯河	288	1650	5.72	1021	186	1	0	268	148	0	24
衡阳	338	2571	7.59	1532	243	4	0	450	326	0	13
黔南	111	622	5.57	408	37	0	0	89	86	0	0
日喀则	5	19	3.51	13	2	0	0	3	0	0	0
阳江	109	636	5.81	293	81	0	0	88	151	0	19
阿克苏	187	1194	6.37	703	77	31	4	268	103	3	0
濮阳	310	2063	6.63	1112	236	6	0	381	283	0	43
塔城	32	192	5.95	153	20	0	0	18	0	0	0
朝阳市	194	1301	6.7	643	97	0	0	461	97	0	0
洛阳	1059	9254	8.73	4497	476	8	29	990	2633	1	617
红河	108	587	5.4	363	68	0	0	134	13	0	6
儋州	33	138	4.16	63	15	0	10	8	37	0	3
南京	6217	53297	8.57	29739	1671	297	144	4252	11608	29	5553
齐齐哈尔	277	1920	6.9	1250	105	4	8	269	281	0	0
伊春	41	189	4.52	156	17	0	0	16	0	0	0
安康	88	541	6.1	214	53	0	0	65	177	0	29
六盘水	103	656	6.32	381	59	7	0	158	50	0	0
和田	21	124	5.87	90	10	0	0	24	0	0	0
内江	171	1218	7.1	544	185	0	0	238	170	0	77
鹤壁	166	1086	6.54	721	48	0	0	108	207	0	0
六安	359	2546	7.08	1364	258	5	2	469	336	0	109
绥化	124	721	5.8	496	63	0	0	160	0	0	0
信阳	370	2531	6.82	1692	242	35	1	438	112	0	9
库尔勒	51	208	4.08	159	20	0	0	28	0	0	0
白银	90	510	5.61	327	62	0	0	119	0	0	0
曲靖	125	873	6.94	330	91	1	2	124	248	0	75
泰州	292	2120	7.24	1017	161	4	5	350	521	0	59
长治	313	2041	6.5	1156	144	13	0	385	342	0	0
怒江	4	15	3.3	10	0	0	0	5	0	0	0
兴安	84	498	5.88	371	41	0	0	85	0	0	0
葫芦岛	236	1624	6.85	878	263	5	0	400	77	0	0
亳州	166	1117	6.71	810	59	0	0	151	94	0	0
达州	171	1088	6.36	622	80	1	0	276	107	0	0
秦皇岛	480	3228	6.71	1348	403	1	0	959	388	0	125
阿拉善	8	43	4.84	33	5	0	0	4	0	0	0
黔东南	113	694	6.09	450	56	2	0	184	0	0	0
南昌	1730	14292	8.26	8444	1166	58	25	1835	2445	0	315
钦州	138	930	6.7	488	132	6	0	119	182	0	0
武汉	8768	80565	9.18	35569	4069	326	393	8299	23965	17	7924
宣城	167	1065	6.37	591	119	0	5	144	204	0	0
苏州	8255	73923	8.95	30737	4813	245	320	7986	22442	24	7353
天水	170	1144	6.73	599	154	0	1	177	211	0	0
枣庄	495	2766	5.58	1493	227	31	2	348	663	0	0
潍坊	1898	16226	8.54	7865	1243	8	20	2881	3377	0	829
甘南	8	46	5.22	33	5	0	0	7	0	0	0
商洛	37	218	5.81	118	12	0	0	12	74	0	0
梅州	133	913	6.83	377	135	2	0	181	217	0	0
赤峰	359	2695	7.49	1301	217	2	0	690	482	0	0
湘潭	221	1467	6.62	827	70	0	2	286	202	0	76
贵港	142	895	6.28	437	166	1	1	122	166	0	0
韶关	130	830	6.35	325	89	0	0	216	166	0	31
汕尾	77	396	5.1	189	63	0	0	118	23	0	0
河池	103	504	4.89	383	28	0	0	93	0	0	0
鹰潭	79	529	6.62	284	51	0	0	90	65	0	37
阿坝	11	39	3.4	33	3	0	0	2	0	0	0
蚌埠	375	2617	6.97	1272	186	6	2	205	733	0	211
昌吉	166	1185	7.12	687	62	9	0	413	12	0	0
西双版纳	97	639	6.56	285	32	5	0	76	193	0	45
铜仁	106	924	8.68	404	50	4	0	43	419	0	0
郑州	7739	69334	8.95	30539	3233	284	442	4640	21607	29	8557
福州	4112	42772	10.4	18372	2112	296	103	3341	13303	47	5195
上饶	284	2021	7.11	1199	175	23	5	355	262	0	0
连云港	396	2616	6.59	1912	136	6	0	462	98	0	0
延安	147	914	6.18	625	52	16	0	220	0	0	0
吉林	483	3676	7.6	1872	365	6	1	1040	389	0	0
绍兴	520	3623	6.95	1801	363	22	7	664	663	11	89
咸宁	116	730	6.28	447	57	1	0	89	134	0	0
果洛	1	3	2.29	2	0	0	0	0	0	0	0
永州	136	815	5.96	506	67	0	1	168	72	0	0
阿勒泰	48	281	5.85	225	18	0	0	37	0	0	0
巢湖	148	900	6.07	505	65	0	0	121	205	0	0
庆阳	153	1047	6.83	486	64	2	7	114	372	0	0
怀化	207	1445	6.97	803	128	4	2	209	264	0	32
南宁	2828	24224	8.56	10416	3298	96	51	3672	6060	23	605
恩施	148	968	6.5	600	48	4	1	137	136	0	39
潜江	37	191	5.12	145	18	0	0	27	0	0	0
那曲	0	1	2.25	1	0	0	0	0	0	0	0
黄石	208	1500	7.2	861	183	5	1	246	202	0	0
泰安	522	3421	6.54	1715	402	2	0	794	435	0	70
汉中	200	1475	7.34	834	92	3	0	112	303	0	129
图木舒克	2	9	4.49	5	2	0	0	0	0	0	0
郴州	328	2288	6.97	1314	273	11	5	460	223	0	0
宜昌	563	4273	7.58	2639	166	11	2	421	801	0	231
三亚	796	5909	7.41	2594	480	71	41	914	1610	5	192
海口	1796	16441	9.15	7445	1622	78	6	2844	3661	2	779
重庆	6791	59986	8.83	32567	3361	251	79	8450	12018	8	3248
清远	186	1286	6.88	380	188	7	2	238	405	0	64
张掖	84	563	6.63	328	82	1	0	149	0	0	0
忻州	114	616	5.4	418	43	0	0	65	86	0	0
新余	87	525	5.99	362	38	3	2	52	66	0	0
唐山	1107	8428	7.61	3637	820	12	4	1504	1825	0	623
萍乡	107	685	6.39	483	38	1	0	158	1	0	0
嘉兴	818	5727	6.99	2424	825	18	10	1282	924	0	240
德州	612	3847	6.28	2123	331	18	0	609	663	0	100
广元	122	839	6.86	427	59	4	0	346	0	0	0
咸阳	486	3515	7.23	1858	243	14	3	330	873	0	191
娄底	169	1080	6.35	625	86	11	2	191	162	0	0
北京	35469	368105	10.37	134314	17383	1848	5062	27350	131865	563	49718
池州	111	766	6.9	366	93	0	0	153	153	0	0
晋城	283	1943	6.86	941	286	0	0	353	360	0	0
宝鸡	384	2785	7.24	1317	152	0	1	387	846	0	79
兰州	1830	15206	8.3	6636	642	36	32	1312	5125	0	1420
丽江	117	760	6.49	291	78	7	8	74	219	1	79
凉山	123	867	7.01	401	76	6	0	102	233	0	46
张家界	60	427	7.03	226	54	0	0	82	64	0	0
厦门	3629	32421	8.93	12230	2002	118	328	3652	10193	22	3873
淮南	230	1633	7.07	818	181	10	0	223	399	0	0
通辽	257	1675	6.5	1129	111	4	0	429	0	0	0
喀什	99	657	6.62	339	47	6	0	119	144	0	0
北海	344	2031	5.89	915	322	15	22	352	402	0	0
海西	42	253	5.97	222	19	0	0	12	0	0	0
临夏	25	152	5.98	78	8	0	0	20	45	0	0
楚雄	61	324	5.25	135	22	0	0	161	4	0	0
绵阳	395	2951	7.46	1441	302	3	2	603	437	0	160
牡丹江	242	1611	6.65	1003	124	0	2	478	1	0	0
孝感	174	1152	6.58	634	202	0	0	286	28	0	0
乌兰察布	68	377	5.51	311	19	0	0	45	0	0	0
滨州	541	3718	6.87	2238	270	24	4	968	211	0	0
资阳	127	767	6.03	418	94	1	0	124	128	0	0
张家口	306	2056	6.71	1108	202	5	0	548	191	0	0
大庆	309	1831	5.91	1213	74	2	0	326	213	0	0
昆明	2277	21771	9.56	6888	1331	34	115	1891	8355	2	3153
朔州	85	449	5.23	357	39	0	0	52	0	0	0
迪庆	8	36	4.06	21	9	0	0	5	0	0	0
巴彦淖尔	105	673	6.38	495	35	0	0	86	54	0	0
合肥	5587	49892	8.92	24303	2880	214	78	7098	10976	26	4313
五家渠	26	154	5.86	116	11	0	0	25	0	0	0
百色	105	586	5.58	468	34	0	0	83	0	0	0
广安	100	598	5.95	442	46	2	0	106	0	0	0
珠海	1285	9987	7.77	3488	1363	23	9	3274	1531	0	297
海东	20	90	4.45	66	5	0	0	18	0	0	0
毕节	87	502	5.77	251	106	0	0	135	8	0	0
拉萨	143	1077	7.51	669	28	6	11	114	246	0	0
三明	244	1623	6.64	1019	118	5	0	276	202	0	0
阜阳	399	2991	7.49	1631	196	10	3	517	632	0	0
荆州	274	1988	7.24	988	141	4	8	319	416	3	105
济南	6778	63791	9.41	25905	3178	122	236	6604	21709	3	6031
沧州	568	3959	6.96	2134	346	1	2	634	677	0	162
上海	25447	256660	10.08	87917	11635	1139	2632	24948	90798	321	37267
泉州	1419	11685	8.23	5351	1002	60	49	1627	2790	3	800
菏泽	416	2835	6.8	1282	363	9	0	666	388	0	124
崇左	36	163	4.44	140	5	0	0	17	0	0	0
镇江	313	2033	6.48	924	218	3	7	368	457	0	53
阳泉	176	1036	5.86	671	65	3	0	124	170	0	0
台州	647	4777	7.37	2732	374	48	7	559	850	5	198
威海	1098	9282	8.45	4836	761	46	35	1765	1499	0	336
甘孜	11	45	3.91	36	4	0	0	5	0	0	0
莆田	662	6209	9.37	3218	575	64	70	808	1157	5	309
乐山	203	1480	7.26	697	147	2	0	401	195	0	35
长沙	4453	38997	8.75	18581	2285	85	165	4241	10226	8	3401
中山	1117	8310	7.43	3310	1062	34	19	2175	1530	0	178
吴忠	40	225	5.6	121	21	0	0	82	0	0	0
贺州	79	509	6.4	284	35	0	0	189	0	0	0
南充	285	1962	6.87	1064	178	3	0	224	398	1	90
保山	45	228	5.06	167	10	0	0	27	23	0	0
运城	257	1521	5.91	824	130	11	0	349	177	2	26
襄阳	493	4065	8.23	1647	308	6	23	813	1032	0	233
岳阳	229	1564	6.81	854	132	2	0	194	303	0	75
玉树	1	3	2.39	1	0	0	0	1	0	0	0
贵阳	1575	13252	8.41	5877	1242	54	46	1116	3583	2	1329
乌鲁木齐	1737	14199	8.17	7169	710	88	16	2132	3304	2	775
常德	254	1777	6.98	950	124	1	0	272	365	0	62
石河子	188	1483	7.88	722	97	5	17	527	112	0	0
眉山	149	1000	6.7	530	119	2	0	188	155	0	3
太原	2892	25604	8.85	10391	1328	153	65	3546	8284	2	1833
长春	2678	23879	8.91	11621	1704	40	17	6209	3460	0	825
随州	113	854	7.54	418	96	3	0	332	2	0	0
玉溪	84	493	5.83	254	57	2	1	53	96	0	28
株洲	658	5221	7.92	2363	289	14	23	716	1309	1	502
阿里	1	1	1.65	1	0	0	0	0	0	0	0
莱芜	134	851	6.31	455	61	0	0	121	211	0	0
铁岭	197	1306	6.63	717	128	0	0	302	158	0	0
西安	7962	77729	9.76	32758	4793	291	278	5588	26775	5	7237
嘉峪关	39	225	5.66	163	11	0	0	50	0	0	0
德宏	36	193	5.35	142	27	0	0	22	0	0	0
定西	62	362	5.83	191	32	0	0	138	0	0	0
克孜勒苏	7	36	5.26	28	4	0	0	3	0	0	0
宜春	223	1364	6.1	872	82	13	8	254	134	0	0
宁波	3498	33928	9.69	12946	3135	73	73	3618	10993	9	3079
乌海	69	375	5.41	271	20	0	0	83	0	0	0
青岛	7291	71869	9.85	28394	4998	133	99	6465	25212	8	6555
济源	84	512	6.1	349	56	2	0	104	0	0	0
丹东	338	2590	7.66	1158	230	2	5	454	658	0	79
巴音郭楞	62	307	4.93	236	18	2	0	49	0	0	0
临汾	266	1620	6.07	952	181	9	2	299	175	0	0
陇南	22	113	5.14	90	10	0	0	12	0	0	0
辽源	59	342	5.79	261	25	0	0	55	0	0	0
焦作	240	1457	6.06	969	128	6	0	338	16	0	0
自贡	196	1180	6.0	631	164	1	0	220	151	0	10
周口	217	1369	6.29	931	145	7	4	279	0	0	0
黄南	1	4	3.26	2	0	0	0	0	0	0	0
常州	1348	10831	8.03	4449	919	38	34	1128	3420	3	835
固原	29	158	5.46	111	28	0	0	18	0	0	0
鞍山	613	4428	7.21	2751	405	9	6	843	409	1	2
通化	112	695	6.17	549	71	1	0	73	0	0	0
宁德	315	2341	7.42	1355	188	25	6	286	477	1	0
十堰	299	2106	7.02	1348	219	6	3	223	304	0	0
大连	4150	43555	10.49	14329	1992	63	167	5501	16481	2	5017
包头	390	2842	7.27	1022	275	0	5	872	570	0	96
鄂尔多斯	177	952	5.35	596	38	0	0	182	104	0	29
哈尔滨	2013	17037	8.46	7799	1443	25	44	2669	4048	0	1006
伊犁	161	1070	6.62	630	134	8	2	217	76	0	0
惠州	842	5962	7.08	2147	641	10	28	1119	1562	2	449
宿迁	447	3281	7.33	1870	178	24	6	353	800	0	48
遵义	308	2161	6.99	1150	240	6	0	459	224	0	79
黄冈	161	892	5.53	624	80	5	0	174	5	0	0
平顶山	316	2156	6.81	1511	161	3	1	140	281	0	56
攀枝花	130	712	5.47	448	60	0	0	148	53	0	0
烟台	2477	21691	8.75	10182	1374	100	91	2835	6140	0	966
五指山	25	128	5.11	83	29	0	0	15	0	0	0
白山	83	457	5.5	369	27	0	0	59	0	0	0
佳木斯	164	1083	6.6	636	84	1	0	261	100	0	0
商丘	376	2946	7.83	1471	199	9	9	255	751	1	248
河源	129	814	6.31	336	103	3	1	120	249	0	0
锡林郭勒	69	411	5.89	307	19	0	0	84	0	0	0
廊坊	1048	7466	7.12	3845	527	32	3	1579	1235	1	241
龙岩	256	1894	7.38	903	177	33	1	324	378	0	76
开封	334	2261	6.75	1300	218	8	5	247	395	0	85
茂名	132	790	5.94	377	90	2	0	288	31	0	0
西宁	651	5073	7.79	2896	348	10	1	916	723	0	176
马鞍山	258	1832	7.08	824	182	4	24	146	608	7	34
阿拉尔	13	64	4.94	61	1	0	0	2	0	0	0
临沂	1359	11558	8.5	4505	1097	35	28	1235	3780	0	874
邢台	496	3428	6.9	1970	332	10	8	389	716	0	0
梧州	146	895	6.1	434	120	0	0	320	19	0	0
聊城	550	3535	6.42	2013	263	8	0	338	820	2	87
铜陵	136	832	6.1	483	63	2	0	63	219	0	0
铜川	58	341	5.85	230	35	0	0	74	0	0	0
来宾	43	223	5.09	170	19	0	0	33	0	0	0
抚顺	378	2718	7.18	1715	207	5	4	652	132	0	0
鹤岗	57	310	5.36	244	20	0	0	45	0	0	0
黔西南	63	396	6.25	234	39	0	0	120	0	0	0
吐鲁番	25	131	5.13	110	7	0	0	13	0	0	0
湘西	77	483	6.2	377	65	0	0	39	0	0	0
抚州	129	807	6.23	574	51	3	0	165	12	0	0
大兴安岭	16	75	4.48	62	4	0	0	8	0	0	0
哈密	93	510	5.45	384	30	6	0	88	0	0	0
遂宁	157	903	5.74	456	118	0	3	210	97	0	15
荆门	143	913	6.35	636	85	1	0	189	0	0	0
沈阳	5100	50379	9.87	20257	3374	100	146	5564	17279	18	3638
博尔塔拉	37	220	5.9	188	10	0	0	22	0	0	0
林芝	12	54	4.38	34	5	0	0	14	0	0	0
黄山	146	1007	6.85	602	61	3	4	127	208	0	0
七台河	54	322	5.9	252	26	0	0	42	0	0	0
淄博	1268	10211	8.05	5008	1032	11	13	2325	1558	0	261
延边	204	1438	7.03	837	108	3	0	473	14	0	0
海南州	2	9	3.47	8	1	0	0	0	0	0	0
南平	195	1455	7.43	600	188	3	0	500	160	0	1
巴中	116	824	7.09	425	80	2	0	152	162	0	0
普洱	50	265	5.27	164	66	0	0	34	0	0	0
双鸭山	80	458	5.68	348	53	0	0	56	0	0	0
保定	1178	8722	7.4	3937	564	21	20	810	2850	0	516
许昌	328	2428	7.39	1279	194	1	1	242	569	0	139
松原	126	718	5.65	561	37	0	2	115	0	0	0
景德镇	173	1142	6.57	677	97	2	1	266	96	0	0
金昌	41	237	5.75	184	9	0	0	42	0	0	0
杭州	7930	80186	10.11	30646	3460	361	815	4076	27800	37	12988
东莞	2036	15042	7.38	4666	1345	34	87	3062	4849	12	984
衡水	393	2576	6.54	1681	244	7	1	286	354	0	0
安阳	346	2264	6.54	1169	217	9	0	368	426	0	73
宜宾	299	1999	6.68	1004	189	8	0	289	398	0	108
无锡	2051	17106	8.33	7562	1085	74	25	1463	5232	8	1653
榆林	287	1885	6.54	1260	106	3	1	248	265	0	0
澳门	57	416	7.26	160	135	0	0	16	103	0	0
舟山	180	1233	6.83	805	97	12	0	317	0	0	0
克拉玛依	110	694	6.29	560	53	4	0	76	0	0	0
赣州	542	4161	7.66	2648	264	13	50	578	605	0	0
银川	906	7707	8.5	3024	673	23	15	1166	2311	0	491
济宁	871	5891	6.76	2703	499	16	9	672	1636	1	351
淮安	428	3044	7.1	1542	261	1	2	202	836	0	197
日照	671	5344	7.96	2186	634	6	7	896	1318	0	294
安庆	315	2097	6.63	1144	191	2	1	234	394	0	129
徐州	1162	9678	8.32	4159	822	20	22	1247	2683	0	722
本溪	234	1448	6.17	961	163	0	3	319	0	0	0
中卫	42	266	6.33	124	41	0	0	99	0	0	0
石家庄	4436	40705	9.17	15364	2634	131	103	3770	15741	6	2952
芜湖	629	4933	7.84	2301	236	11	11	419	1573	0	379
仙桃	48	332	6.78	260	14	1	0	56	0	0	0
泸州	330	2311	6.99	1143	345	2	0	297	409	0	112
宿州	182	1083	5.92	756	86	2	1	158	77	0	0
衢州	253	1735	6.85	875	173	7	10	317	351	0	0
神农架	4	16	3.4	12	2	0	0	2	0	0	0
酒泉	81	510	6.29	275	60	0	0	171	2	0	0
香港	74	271	3.62	203	39	1	0	26	0	0	0
黑河	54	324	5.92	247	21	0	0	55	0	0	0
潮州	68	353	5.12	203	60	2	0	87	0	0	0
晋中	334	2197	6.56	1289	169	5	0	491	241	0	0
漳州	483	4007	8.29	1596	384	18	11	530	1180	1	284
桂林	837	7033	8.39	2934	810	22	3	1298	1778	0	184
海北	2	10	4.2	7	0	0	0	1	0	0	0
佛山	1727	13044	7.55	5243	1817	44	35	2307	2911	6	678
邵阳	148	883	5.94	634	93	0	0	138	15	0	0
大同	281	1842	6.54	1209	184	4	0	225	218	0	0
南通	847	7233	8.53	2688	380	39	29	426	2837	1	830
揭阳	129	868	6.72	360	186	16	0	156	149	0	0
云浮	58	319	5.44	208	31	0	1	77	0	0	0
南阳	484	3496	7.22	1655	258	4	3	462	872	0	238
江门	375	2938	7.82	868	382	8	0	917	727	0	34
琼海	67	415	6.17	172	97	0	0	141	3	0	0
扬州	712	5644	7.92	2343	452	5	5	506	1809	0	521
淮北	234	1604	6.84	901	159	2	0	192	347	0	0
丽水	215	1453	6.73	871	164	8	0	242	166	0	0
德阳	218	1475	6.76	748	145	0	1	188	318	0	71
温州	1132	8439	7.45	3935	607	4	52	852	2171	0	814
昌都	3	11	2.95	4	1	0	0	4	0	0	0
汕头	366	2573	7.01	806	442	0	10	529	687	0	96
承德	414	2890	6.97	1549	330	18	16	595	380	0	0
金华	1346	10165	7.54	5658	589	265	116	1384	1735	2	412
临沧	25	133	5.27	74	16	0	0	42	0	0	0
肇庆	214	1512	7.05	531	210	2	0	308	405	0	53
成都	9659	94774	9.81	40786	6806	274	247	9747	26648	29	10233
防城港	101	570	5.61	401	77	0	0	91	0	0	0
